2.403261569272619e-05 0
1.4495863433702794e-05 1
2.174379515056113e-05 2
2.174379515056113e-05 3
3.8147009036079704e-05 4
4.31061202107591e-05 5
4.539494075292416e-05 6
3.395083804211274e-05 7
2.2125265240924286e-05 8
2.6702906325254405e-05 9
1.6403213885518575e-05 10
1.6403213885518575e-05 11
3.1280547409584525e-05 12
2.403261569272619e-05 13
2.403261569272619e-05 14
1.029969243973583e-05 15
4.005435948786773e-05 16
4.0435829578244764e-05 17
2.6702906325254405e-05 18
2.708437641561756e-05 19
2.8991726867405587e-05 20
2.0980854969834817e-05 21
2.632143623489125e-05 22
3.089907731922137e-05 23
4.3869060391485415e-05 24
4.6157880933650475e-05 25
4.5013470662574884e-05 26
2.3651145602363033e-05 27
3.318789786137255e-05 28
3.128054740957065e-05 29
2.8991726867405587e-05 30
1.9836444698759226e-05 31
2.7847316596329996e-05 32
3.2424957680660116e-05 33
3.0136137138495056e-05 34
1.6784683975867853e-05 35
2.4414085783089345e-05 36
2.288820542163672e-05 37
1.716615406623101e-05 38
2.4414085783089345e-05 39
1.8692034427683635e-05 40
1.8692034427683635e-05 41
1.8692034427683635e-05 42
3.5858188493914644e-05 43
4.6157880933650475e-05 44
4.348759030112226e-05 45
1.7929094246957322e-05 46
3.395083804211274e-05 47
3.089907731922137e-05 48
2.0217914789122382e-05 49
2.2125265240924286e-05 50
3.204348759029696e-05 51
4.806523138545238e-05 52
2.8991726867419465e-05 53
2.8991726867419465e-05 54
2.8991726867419465e-05 55
3.2424957680660116e-05 56
5.607610328302315e-05 57
2.861025677705631e-05 58
3.051760722885821e-05 59
2.0217914789122382e-05 60
2.8991726867419465e-05 61
2.8991726867419465e-05 62
2.97546670481319e-05 63
2.97546670481319e-05 64
3.16620174999338e-05 65
2.47955558734525e-05 66
2.47955558734525e-05 67
3.2424957680660116e-05 68
3.2424957680660116e-05 69
4.11987697589572e-05 70
4.11987697589572e-05 71
2.746584650596684e-05 72
1.716615406623101e-05 73
2.3651145602363033e-05 74
2.937319695778262e-05 75
2.5939966144528093e-05 76
1.8692034427669757e-05 77
2.3651145602363033e-05 78
4.005435948788161e-05 79
3.0136137138495056e-05 80
3.204348759031084e-05 81
2.3269675512013754e-05 82
2.2506735331287442e-05 83
3.7384068855339514e-05 84
2.632143623487737e-05 85
3.089907731922137e-05 86
1.3351453162627203e-05 87
2.632143623489125e-05 88
3.738406885535339e-05 89
4.8446701475815535e-05 90
3.166201749994768e-05 91
3.8147009036079704e-05 92
3.890994921679214e-05 93
6.103521445771642e-05 94
8.239753951792828e-05 95
7.171637698781541e-05 96
5.9890804186640834e-05 97
8.277900960827755e-05 98
7.781989843359816e-05 99
9.689340295161719e-05 100
9.689340295161719e-05 101
7.629401807214553e-05 102
7.93457787950369e-05 103
7.209784707817857e-05 104
9.231576186730095e-05 105
9.613046277090476e-05 106
9.613046277090476e-05 107
9.57489926805416e-05 108
8.506783015044261e-05 109
9.269723195765023e-05 110
8.430488996973018e-05 111
8.010871897574934e-05 112
8.010871897574934e-05 113
7.858283861431059e-05 114
7.858283861431059e-05 115
8.583077033116893e-05 116
9.460458240946601e-05 117
8.583077033115505e-05 118
9.651193286125404e-05 119
7.133490689745225e-05 120
7.438666762032975e-05 121
8.468636006007946e-05 122
8.316047969864071e-05 123
8.468636006009334e-05 124
4.9591111746905e-05 125
4.7302291204739944e-05 126
3.776553894571655e-05 127
7.972724888538618e-05 128
9.193429177693779e-05 129
7.591254798178237e-05 130
8.888253105404642e-05 131
3.089907731922137e-05 132
3.62396585842778e-05 133
4.463200057221173e-05 134
4.119876975897108e-05 135
1.9454974608409947e-05 136
3.318789786138643e-05 137
2.3651145602363033e-05 138
3.4713778222825176e-05 139
2.403261569272619e-05 140
1.831056433732048e-05 141
2.2125265240910408e-05 142
2.2125265240910408e-05 143
4.5013470662574884e-05 144
2.47955558734525e-05 145
2.7847316596329996e-05 146
2.174379515056113e-05 147
4.0435829578230886e-05 148
3.166201749994768e-05 149
2.822878668670703e-05 150
1.5640273704792262e-05 151
1.5640273704792262e-05 152
1.2207042891551612e-05 153
2.6702906325254405e-05 154
3.547671840355149e-05 155
2.632143623489125e-05 156
2.632143623489125e-05 157
3.051760722885821e-05 158
1.6784683975867853e-05 159
3.0136137138495056e-05 160
2.0217914789122382e-05 161
1.2588512981914768e-05 162
2.8228786686693152e-05 163
4.31061202107591e-05 164
3.7002598764990235e-05 165
4.4250530481834693e-05 166
3.890994921679214e-05 167
4.1580239849320355e-05 168
2.2506735331273564e-05 169
3.089907731922137e-05 170
3.204348759029696e-05 171
1.5258803614429106e-05 172
3.547671840355149e-05 173
4.11987697589572e-05 174
3.662112867464096e-05 175
3.1280547409584525e-05 176
3.62396585842778e-05 177
3.547671840355149e-05 178
3.4713778222825176e-05 179
2.7847316596343874e-05 180
2.0980854969834817e-05 181
4.196170993968351e-05 182
3.2424957680673994e-05 183
3.2424957680660116e-05 184
2.746584650596684e-05 185
3.204348759029696e-05 186
2.861025677705631e-05 187
3.16620174999338e-05 188
3.0136137138495056e-05 189
3.318789786138643e-05 190
3.547671840355149e-05 191
2.8228786686693152e-05 192
3.7002598764990235e-05 193
3.433230813246202e-05 194
3.433230813246202e-05 195
4.005435948786773e-05 196
3.433230813246202e-05 197
3.280642777102327e-05 198
2.8991726867405587e-05 199
3.547671840353761e-05 200
3.738406885535339e-05 201
2.708437641561756e-05 202
2.3269675511999877e-05 203
3.280642777102327e-05 204
3.9291419307155295e-05 205
2.861025677705631e-05 206
2.861025677705631e-05 207
2.861025677705631e-05 208
2.7847316596329996e-05 209
5.4168752831221245e-05 210
3.967288939751845e-05 211
3.967288939751845e-05 212
4.196170993968351e-05 213
2.5558496054178814e-05 214
2.8228786686693152e-05 215
3.43323081324759e-05 216
3.43323081324759e-05 217
2.937319695778262e-05 218
2.937319695778262e-05 219
4.7302291204726066e-05 220
3.051760722885821e-05 221
3.585818849390077e-05 222
2.5939966144528093e-05 223
3.9291419307155295e-05 224
2.8991726867405587e-05 225
3.204348759029696e-05 226
3.9291419307155295e-05 227
2.3269675512013754e-05 228
2.97546670481319e-05 229
3.395083804209886e-05 230
4.31061202107591e-05 231
4.463200057221173e-05 232
3.43323081324759e-05 233
3.280642777102327e-05 234
3.9291419307155295e-05 235
3.280642777102327e-05 236
2.6702906325240527e-05 237
3.852847912642898e-05 238
3.852847912642898e-05 239
5.340581265049493e-05 240
3.9672889397504574e-05 241
2.97546670481319e-05 242
3.395083804209886e-05 243
2.5939966144528093e-05 244
2.174379515056113e-05 245
4.196170993968351e-05 246
2.3269675512013754e-05 247
3.547671840355149e-05 248
3.3569367951749585e-05 249
3.280642777102327e-05 250
3.280642777102327e-05 251
2.059938487948554e-05 252
3.9291419307155295e-05 253
3.2806427771009394e-05 254
2.47955558734525e-05 255
2.47955558734525e-05 256
3.4713778222825176e-05 257
4.11987697589572e-05 258
3.395083804211274e-05 259
5.26428724697825e-05 260
4.8446701475815535e-05 261
2.632143623489125e-05 262
3.8147009036065826e-05 263
4.081729966859404e-05 264
2.403261569272619e-05 265
4.11987697589572e-05 266
4.7302291204726066e-05 267
3.204348759029696e-05 268
2.5177025963815658e-05 269
2.861025677705631e-05 270
3.776553894571655e-05 271
3.776553894571655e-05 272
2.97546670481319e-05 273
3.280642777102327e-05 274
4.3869060391485415e-05 275
3.395083804211274e-05 276
2.0217914789122382e-05 277
3.890994921679214e-05 278
3.890994921679214e-05 279
3.890994921679214e-05 280
3.2424957680660116e-05 281
3.318789786138643e-05 282
3.318789786138643e-05 283
3.509524831318833e-05 284
2.517702596380178e-05 285
1.3351453162627203e-05 286
2.517702596380178e-05 287
4.0435829578230886e-05 288
3.62396585842778e-05 289
3.204348759031084e-05 290
3.204348759031084e-05 291
3.738406885535339e-05 292
2.97546670481319e-05 293
3.051760722885821e-05 294
3.318789786138643e-05 295
2.5558496054164936e-05 296
3.16620174999338e-05 297
4.2724650120409824e-05 298
4.2724650120409824e-05 299
2.746584650596684e-05 300
2.0980854969834817e-05 301
4.7302291204726066e-05 302
3.166201749994768e-05 303
2.632143623489125e-05 304
8.773812078297083e-06 305
3.776553894570267e-05 306
4.11987697589572e-05 307
4.806523138545238e-05 308
4.0435829578244764e-05 309
4.348759030112226e-05 310
3.2424957680660116e-05 311
4.31061202107591e-05 312
2.4414085783089345e-05 313
4.5013470662574884e-05 314
3.166201749994768e-05 315
1.945497460839607e-05 316
3.738406885535339e-05 317
3.051760722885821e-05 318
4.425053048184857e-05 319
4.9591111746891126e-05 320
6.141668454807958e-05 321
4.653935102401363e-05 322
4.425053048184857e-05 323
2.403261569272619e-05 324
2.7847316596329996e-05 325
2.7847316596329996e-05 326
3.662112867462708e-05 327
3.852847912642898e-05 328
3.776553894571655e-05 329
3.776553894571655e-05 330
3.8147009036079704e-05 331
2.8228786686693152e-05 332
3.280642777102327e-05 333
3.280642777102327e-05 334
3.280642777102327e-05 335
3.280642777102327e-05 336
3.547671840355149e-05 337
3.547671840355149e-05 338
3.1280547409584525e-05 339
4.425053048184857e-05 340
4.425053048184857e-05 341
1.6784683975867853e-05 342
3.0136137138495056e-05 343
3.0136137138495056e-05 344
2.861025677705631e-05 345
4.3869060391485415e-05 346
4.539494075292416e-05 347
3.662112867462708e-05 348
2.708437641561756e-05 349
4.9591111746891126e-05 350
1.716615406623101e-05 351
2.47955558734525e-05 352
3.738406885535339e-05 353
3.16620174999338e-05 354
4.806523138545238e-05 355
3.9291419307155295e-05 356
4.6157880933650475e-05 357
4.6157880933650475e-05 358
4.920964165654185e-05 359
4.5013470662574884e-05 360
4.5013470662574884e-05 361
3.43323081324759e-05 362
3.1280547409584525e-05 363
2.5558496054178814e-05 364
3.2424957680660116e-05 365
3.738406885535339e-05 366
3.852847912642898e-05 367
3.662112867464096e-05 368
4.005435948788161e-05 369
3.089907731922137e-05 370
3.9672889397504574e-05 371
3.9672889397504574e-05 372
1.602174379514154e-05 373
2.403261569272619e-05 374
3.967288939751845e-05 375
3.967288939751845e-05 376
2.4795555873438624e-05 377
3.547671840355149e-05 378
3.547671840355149e-05 379
3.4713778222825176e-05 380
2.4414085783089345e-05 381
4.005435948788161e-05 382
3.62396585842778e-05 383
2.97546670481319e-05 384
3.509524831318833e-05 385
2.9373196957768744e-05 386
2.9373196957768744e-05 387
3.7002598764990235e-05 388
3.8147009036079704e-05 389
3.0136137138495056e-05 390
2.7465846505980718e-05 391
1.7929094246957322e-05 392
3.7002598764990235e-05 393
3.890994921679214e-05 394
3.547671840355149e-05 395
3.662112867464096e-05 396
3.4713778222825176e-05 397
3.5858188493914644e-05 398
3.1280547409584525e-05 399
3.204348759029696e-05 400
3.051760722885821e-05 401
2.8991726867405587e-05 402
3.433230813246202e-05 403
3.5858188493914644e-05 404
4.348759030112226e-05 405
3.1280547409584525e-05 406
4.234318003003279e-05 407
3.16620174999338e-05 408
1.1062632620462143e-05 409
3.204348759029696e-05 410
3.204348759029696e-05 411
2.174379515056113e-05 412
5.111699210832987e-05 413
3.890994921679214e-05 414
3.890994921679214e-05 415
6.14166845480657e-05 416
5.035405192761744e-05 417
3.43323081324759e-05 418
2.8991726867419465e-05 419
3.051760722885821e-05 420
3.051760722885821e-05 421
4.692082111437679e-05 422
3.4713778222839053e-05 423
3.547671840355149e-05 424
4.234318003003279e-05 425
5.798345373482505e-05 426
3.204348759029696e-05 427
4.1580239849320355e-05 428
2.2125265240924286e-05 429
1.5258803614429106e-05 430
3.089907731920749e-05 431
3.128054740957065e-05 432
3.16620174999338e-05 433
3.738406885535339e-05 434
3.089907731922137e-05 435
3.623965858426392e-05 436
4.6157880933650475e-05 437
3.318789786138643e-05 438
2.746584650596684e-05 439
2.746584650596684e-05 440
3.509524831318833e-05 441
3.967288939751845e-05 442
4.3869060391485415e-05 443
3.662112867462708e-05 444
3.852847912644286e-05 445
3.433230813246202e-05 446
3.585818849390077e-05 447
3.433230813246202e-05 448
3.433230813246202e-05 449
2.2888205421650598e-05 450
3.395083804211274e-05 451
3.4713778222839053e-05 452
4.7302291204739944e-05 453
2.861025677705631e-05 454
3.738406885535339e-05 455
3.738406885535339e-05 456
1.8692034427683635e-05 457
4.005435948788161e-05 458
3.890994921679214e-05 459
3.395083804211274e-05 460
3.128054740957065e-05 461
3.1280547409584525e-05 462
3.7002598764990235e-05 463
3.433230813246202e-05 464
2.517702596380178e-05 465
3.089907731922137e-05 466
3.089907731922137e-05 467
2.3269675511999877e-05 468
4.005435948788161e-05 469
3.4713778222839053e-05 470
4.920964165654185e-05 471
3.166201749994768e-05 472
4.6157880933650475e-05 473
4.1580239849320355e-05 474
2.632143623489125e-05 475
4.463200057219785e-05 476
1.7547624156594166e-05 477
4.4250530481834693e-05 478
3.738406885535339e-05 479
3.166201749994768e-05 480
3.395083804211274e-05 481
2.8991726867419465e-05 482
3.3569367951749585e-05 483
2.7847316596329996e-05 484
2.7847316596329996e-05 485
3.1280547409584525e-05 486
2.174379515056113e-05 487
7.781989843358428e-05 488
6.21796247288059e-05 489
7.896430870467375e-05 490
6.637579572277286e-05 491
8.163459933720196e-05 492
6.980902653601351e-05 493
6.752020599384845e-05 494
8.964547123477273e-05 495
4.882817156616481e-05 496
8.430488996973018e-05 497
9.765634313235738e-05 498
7.019049662637666e-05 499
7.858283861431059e-05 500
7.438666762034363e-05 501
6.446844527097095e-05 502
6.866461626493792e-05 503
6.980902653601351e-05 504
7.629401807214553e-05 505
6.828314617456088e-05 506
8.697518060224452e-05 507
8.23975395179144e-05 508
8.506783015044261e-05 509
6.942755644566423e-05 510
7.362372743961731e-05 511
7.438666762034363e-05 512
4.1580239849320355e-05 513
6.294256490951833e-05 514
8.964547123477273e-05 515
8.43048899697163e-05 516
9.536752259017844e-05 517
9.422311231910285e-05 518
7.476813771070678e-05 519
7.476813771070678e-05 520
7.057196671672594e-05 521
4.882817156617869e-05 522
7.591254798179625e-05 523
7.93457787950369e-05 524
9.994516367450856e-05 525
9.117135159621148e-05 526
8.583077033115505e-05 527
8.23975395179144e-05 528
9.231576186728707e-05 529
8.468636006007946e-05 530
7.057196671673982e-05 531
8.88825310540603e-05 532
9.155282168657464e-05 533
9.155282168657464e-05 534
9.002694132513589e-05 535
8.888253105404642e-05 536
8.163459933718809e-05 537
8.811959087333399e-05 538
8.316047969864071e-05 539
5.569463319265999e-05 540
7.591254798178237e-05 541
8.12531292468388e-05 542
8.12531292468388e-05 543
7.553107789141922e-05 544
8.010871897576322e-05 545
8.811959087333399e-05 546
8.468636006009334e-05 547
8.468636006009334e-05 548
7.591254798179625e-05 549
7.591254798179625e-05 550
7.400519752998047e-05 551
9.26972319576641e-05 552
9.040841141549905e-05 553
7.438666762034363e-05 554
7.019049662637666e-05 555
9.803781322270666e-05 556
9.460458240946601e-05 557
5.569463319265999e-05 558
5.569463319265999e-05 559
7.629401807214553e-05 560
8.659371051188136e-05 561
9.994516367450856e-05 562
8.697518060224452e-05 563
9.651193286126791e-05 564
0.00010452280475883868 565
9.231576186728707e-05 566
8.73566506925938e-05 567
7.209784707817857e-05 568
7.591254798178237e-05 569
8.506783015044261e-05 570
8.506783015044261e-05 571
8.506783015044261e-05 572
9.078988150584832e-05 573
9.002694132513589e-05 574
3.204348759029696e-05 575
1.7547624156594166e-05 576
3.051760722885821e-05 577
2.9754667048145778e-05 578
3.318789786138643e-05 579
3.280642777102327e-05 580
2.746584650596684e-05 581
6.027227427699011e-05 582
5.4168752831221245e-05 583
3.2424957680673994e-05 584
1.7547624156594166e-05 585
2.2125265240924286e-05 586
1.0681162530098987e-05 587
1.3351453162627203e-05 588
2.059938487947166e-05 589
2.2506735331273564e-05 590
2.2506735331273564e-05 591
2.6702906325240527e-05 592
2.6702906325240527e-05 593
3.9672889397504574e-05 594
2.4795555873438624e-05 595
4.005435948786773e-05 596
3.0136137138495056e-05 597
4.0435829578244764e-05 598
3.089907731922137e-05 599
2.2888205421650598e-05 600
2.6702906325240527e-05 601
3.280642777102327e-05 602
3.547671840355149e-05 603
2.403261569272619e-05 604
3.8147009036065826e-05 605
3.776553894570267e-05 606
3.318789786138643e-05 607
3.089907731922137e-05 608
3.128054740957065e-05 609
3.128054740957065e-05 610
2.5177025963815658e-05 611
3.43323081324759e-05 612
1.9836444698759226e-05 613
2.5558496054164936e-05 614
3.051760722885821e-05 615
2.3269675511999877e-05 616
2.3269675511999877e-05 617
1.907350451804679e-05 618
2.2125265240924286e-05 619
2.2125265240924286e-05 620
2.3651145602363033e-05 621
3.16620174999338e-05 622
2.5558496054164936e-05 623
2.288820542163672e-05 624
2.4414085783089345e-05 625
2.4414085783089345e-05 626
2.2125265240924286e-05 627
1.7929094246957322e-05 628
1.2207042891537734e-05 629
2.0217914789122382e-05 630
2.0217914789122382e-05 631
2.708437641561756e-05 632
2.708437641561756e-05 633
2.8228786686693152e-05 634
2.0980854969834817e-05 635
2.8991726867419465e-05 636
2.059938487948554e-05 637
3.2424957680673994e-05 638
4.0435829578230886e-05 639
3.3569367951749585e-05 640
1.9836444698759226e-05 641
1.83105643373066e-05 642
1.83105643373066e-05 643
3.509524831318833e-05 644
1.9073504518032913e-05 645
2.288820542163672e-05 646
2.8991726867419465e-05 647
1.8692034427669757e-05 648
3.3569367951749585e-05 649
3.3569367951749585e-05 650
3.3569367951749585e-05 651
4.463200057219785e-05 652
3.089907731922137e-05 653
4.348759030112226e-05 654
4.348759030112226e-05 655
4.348759030112226e-05 656
2.3651145602363033e-05 657
2.708437641561756e-05 658
2.6702906325254405e-05 659
2.1362325060197973e-05 660
3.509524831318833e-05 661
3.852847912642898e-05 662
2.6702906325254405e-05 663
4.692082111436291e-05 664
3.2424957680660116e-05 665
3.2424957680660116e-05 666
3.547671840355149e-05 667
3.547671840355149e-05 668
2.7465846505980718e-05 669
3.3569367951749585e-05 670
3.433230813246202e-05 671
4.005435948786773e-05 672
3.623965858426392e-05 673
3.1280547409584525e-05 674
2.3269675511999877e-05 675
2.632143623489125e-05 676
2.8228786686693152e-05 677
3.3569367951749585e-05 678
3.623965858426392e-05 679
3.7002598764990235e-05 680
3.280642777102327e-05 681
2.97546670481319e-05 682
2.97546670481319e-05 683
2.403261569272619e-05 684
3.051760722885821e-05 685
3.051760722885821e-05 686
2.861025677705631e-05 687
4.196170993968351e-05 688
4.196170993968351e-05 689
3.318789786137255e-05 690
4.806523138545238e-05 691
1.716615406623101e-05 692
1.716615406623101e-05 693
3.395083804211274e-05 694
3.1280547409584525e-05 695
4.1580239849320355e-05 696
3.8147009036065826e-05 697
4.005435948786773e-05 698
4.2724650120395946e-05 699
1.1825572801188455e-05 700
3.776553894571655e-05 701
3.776553894571655e-05 702
3.547671840355149e-05 703
4.0435829578244764e-05 704
5.149846219870691e-05 705
2.97546670481319e-05 706
2.6702906325240527e-05 707
3.4713778222825176e-05 708
3.280642777102327e-05 709
2.5558496054178814e-05 710
2.7084376415603684e-05 711
3.7384068855339514e-05 712
4.0435829578230886e-05 713
2.288820542163672e-05 714
3.929141930714142e-05 715
4.2724650120395946e-05 716
4.005435948788161e-05 717
4.3869060391485415e-05 718
2.2506735331287442e-05 719
2.8228786686693152e-05 720
2.5558496054164936e-05 721
2.059938487947166e-05 722
3.852847912644286e-05 723
3.738406885535339e-05 724
3.738406885535339e-05 725
3.204348759029696e-05 726
1.9836444698759226e-05 727
3.662112867462708e-05 728
3.7002598764990235e-05 729
2.0217914789122382e-05 730
3.738406885535339e-05 731
2.9754667048145778e-05 732
3.43323081324759e-05 733
2.8228786686693152e-05 734
3.738406885535339e-05 735
4.920964165652797e-05 736
3.623965858426392e-05 737
3.089907731922137e-05 738
3.089907731922137e-05 739
4.5013470662561006e-05 740
3.547671840355149e-05 741
3.16620174999338e-05 742
3.16620174999338e-05 743
3.051760722885821e-05 744
4.005435948788161e-05 745
4.3869060391485415e-05 746
3.776553894570267e-05 747
4.3869060391485415e-05 748
3.433230813246202e-05 749
3.433230813246202e-05 750
3.433230813246202e-05 751
4.196170993968351e-05 752
3.318789786138643e-05 753
3.318789786138643e-05 754
4.1580239849320355e-05 755
2.3269675512013754e-05 756
3.089907731922137e-05 757
4.692082111436291e-05 758
4.692082111436291e-05 759
3.547671840355149e-05 760
2.6702906325240527e-05 761
3.395083804211274e-05 762
3.395083804211274e-05 763
3.8147009036079704e-05 764
3.509524831318833e-05 765
3.9291419307155295e-05 766
3.700259876500411e-05 767
1.5640273704792262e-05 768
1.5640273704792262e-05 769
4.081729966859404e-05 770
3.089907731922137e-05 771
3.089907731922137e-05 772
3.089907731922137e-05 773
3.089907731922137e-05 774
3.089907731922137e-05 775
3.089907731922137e-05 776
3.738406885535339e-05 777
3.395083804211274e-05 778
3.0136137138495056e-05 779
4.2724650120395946e-05 780
3.662112867462708e-05 781
3.738406885535339e-05 782
4.539494075292416e-05 783
3.8147009036065826e-05 784
4.234318003003279e-05 785
4.2724650120409824e-05 786
3.9291419307155295e-05 787
4.425053048184857e-05 788
3.509524831318833e-05 789
3.547671840355149e-05 790
3.585818849390077e-05 791
4.1580239849320355e-05 792
5.035405192761744e-05 793
3.547671840355149e-05 794
2.937319695778262e-05 795
2.937319695778262e-05 796
2.937319695778262e-05 797
3.395083804211274e-05 798
3.395083804211274e-05 799
3.395083804211274e-05 800
4.653935102401363e-05 801
4.8446701475815535e-05 802
2.7847316596329996e-05 803
3.623965858426392e-05 804
3.280642777102327e-05 805
3.051760722885821e-05 806
1.9836444698759226e-05 807
4.692082111436291e-05 808
3.7002598764990235e-05 809
4.1580239849320355e-05 810
3.890994921679214e-05 811
3.318789786138643e-05 812
3.547671840355149e-05 813
4.463200057221173e-05 814
4.463200057221173e-05 815
4.234318003004667e-05 816
5.035405192761744e-05 817
3.547671840355149e-05 818
2.3269675512013754e-05 819
2.3269675512013754e-05 820
2.8991726867419465e-05 821
4.196170993968351e-05 822
2.5558496054178814e-05 823
3.509524831318833e-05 824
2.5558496054178814e-05 825
2.5558496054178814e-05 826
2.5939966144528093e-05 827
3.433230813246202e-05 828
4.806523138545238e-05 829
3.7002598764990235e-05 830
2.861025677705631e-05 831
3.2806427771009394e-05 832
2.97546670481319e-05 833
2.1362325060197973e-05 834
2.059938487947166e-05 835
2.5939966144528093e-05 836
3.204348759029696e-05 837
3.8147009036065826e-05 838
2.937319695778262e-05 839
2.5939966144528093e-05 840
3.0136137138495056e-05 841
4.6157880933650475e-05 842
2.2506735331287442e-05 843
3.2424957680660116e-05 844
3.2424957680660116e-05 845
1.831056433732048e-05 846
4.882817156617869e-05 847
5.1879932289056185e-05 848
4.11987697589572e-05 849
2.2125265240924286e-05 850
3.166201749994768e-05 851
3.8147009036065826e-05 852
3.43323081324759e-05 853
3.1280547409584525e-05 854
2.47955558734525e-05 855
3.051760722885821e-05 856
2.5558496054164936e-05 857
4.9591111746891126e-05 858
3.089907731920749e-05 859
2.8228786686693152e-05 860
3.62396585842778e-05 861
3.62396585842778e-05 862
3.128054740957065e-05 863
2.5939966144528093e-05 864
2.5177025963815658e-05 865
2.5177025963815658e-05 866
4.11987697589572e-05 867
3.4713778222825176e-05 868
2.5558496054178814e-05 869
4.196170993968351e-05 870
3.7002598764990235e-05 871
2.5558496054164936e-05 872
1.9073504518032913e-05 873
3.395083804209886e-05 874
3.0136137138495056e-05 875
3.8147009036079704e-05 876
3.5858188493914644e-05 877
4.768376129508922e-05 878
3.7002598764990235e-05 879
3.1280547409584525e-05 880
2.708437641561756e-05 881
3.089907731922137e-05 882
2.2506735331273564e-05 883
2.059938487947166e-05 884
4.920964165652797e-05 885
4.7302291204726066e-05 886
2.3651145602363033e-05 887
2.0217914789108504e-05 888
1.9836444698759226e-05 889
2.7847316596329996e-05 890
2.861025677705631e-05 891
3.395083804209886e-05 892
3.089907731920749e-05 893
3.356936795173571e-05 894
3.16620174999338e-05 895
2.7084376415603684e-05 896
4.882817156617869e-05 897
2.632143623489125e-05 898
3.738406885535339e-05 899
3.2424957680660116e-05 900
2.3269675511999877e-05 901
2.3269675511999877e-05 902
2.3269675511999877e-05 903
3.204348759029696e-05 904
3.433230813246202e-05 905
3.089907731922137e-05 906
2.1362325060197973e-05 907
2.1362325060197973e-05 908
1.5258803614429106e-05 909
1.5258803614429106e-05 910
3.547671840355149e-05 911
3.890994921679214e-05 912
3.890994921679214e-05 913
4.0435829578244764e-05 914
3.5858188493914644e-05 915
3.318789786138643e-05 916
3.204348759031084e-05 917
1.7929094246957322e-05 918
3.662112867464096e-05 919
3.585818849390077e-05 920
2.059938487947166e-05 921
1.907350451804679e-05 922
4.1961709939669634e-05 923
3.433230813246202e-05 924
3.433230813246202e-05 925
3.433230813246202e-05 926
2.746584650596684e-05 927
2.4795555873438624e-05 928
3.1280547409584525e-05 929
2.9373196957768744e-05 930
3.852847912644286e-05 931
3.662112867462708e-05 932
3.2424957680660116e-05 933
2.8991726867405587e-05 934
3.2424957680660116e-05 935
3.051760722885821e-05 936
3.4713778222825176e-05 937
4.1580239849320355e-05 938
4.920964165652797e-05 939
2.9373196957768744e-05 940
3.776553894570267e-05 941
4.005435948786773e-05 942
3.585818849390077e-05 943
4.386906039147154e-05 944
4.2724650120409824e-05 945
3.0136137138495056e-05 946
2.593996614454197e-05 947
2.7847316596329996e-05 948
3.852847912642898e-05 949
3.7002598764990235e-05 950
3.7002598764990235e-05 951
4.0435829578244764e-05 952
3.43323081324759e-05 953
3.890994921679214e-05 954
3.890994921679214e-05 955
3.738406885535339e-05 956
2.8991726867405587e-05 957
3.4713778222825176e-05 958
3.204348759031084e-05 959
4.119876975897108e-05 960
5.187993228907006e-05 961
3.089907731922137e-05 962
3.623965858426392e-05 963
2.8228786686693152e-05 964
2.8228786686693152e-05 965
2.8228786686693152e-05 966
2.8991726867419465e-05 967
3.3569367951749585e-05 968
2.632143623489125e-05 969
3.051760722885821e-05 970
4.196170993968351e-05 971
2.9373196957768744e-05 972
1.3732923252990359e-05 973
2.5558496054178814e-05 974
2.5558496054178814e-05 975
2.2888205421650598e-05 976
1.9836444698759226e-05 977
3.967288939751845e-05 978
4.997258183725428e-05 979
3.738406885535339e-05 980
2.7465846505980718e-05 981
3.1280547409584525e-05 982
2.403261569272619e-05 983
3.0136137138495056e-05 984
2.7847316596329996e-05 985
2.5939966144528093e-05 986
2.2125265240924286e-05 987
2.5558496054164936e-05 988
2.5558496054164936e-05 989
2.5558496054164936e-05 990
3.585818849390077e-05 991
3.089907731922137e-05 992
1.1825572801188455e-05 993
2.6702906325254405e-05 994
1.4495863433702794e-05 995
2.6702906325254405e-05 996
3.9291419307155295e-05 997
2.5939966144528093e-05 998
1.945497460839607e-05 999
2.0980854969834817e-05 1000
3.204348759029696e-05 1001
3.204348759029696e-05 1002
1.0299692439749708e-05 1003
1.9836444698759226e-05 1004
3.1280547409584525e-05 1005
2.0980854969834817e-05 1006
2.1362325060197973e-05 1007
3.0136137138495056e-05 1008
2.9754667048145778e-05 1009
2.0217914789122382e-05 1010
1.83105643373066e-05 1011
3.051760722885821e-05 1012
3.433230813246202e-05 1013
3.2424957680660116e-05 1014
2.7847316596329996e-05 1015
3.089907731922137e-05 1016
2.7465846505980718e-05 1017
1.8692034427669757e-05 1018
2.6702906325254405e-05 1019
2.746584650596684e-05 1020
2.9754667048145778e-05 1021
3.089907731920749e-05 1022
1.7547624156580288e-05 1023
1.7547624156580288e-05 1024
3.852847912642898e-05 1025
2.746584650596684e-05 1026
3.9672889397504574e-05 1027
3.0136137138495056e-05 1028
3.204348759029696e-05 1029
2.8991726867419465e-05 1030
2.8991726867405587e-05 1031
4.577641084328732e-05 1032
3.890994921680602e-05 1033
3.204348759029696e-05 1034
4.234318003004667e-05 1035
4.234318003004667e-05 1036
4.234318003004667e-05 1037
3.776553894570267e-05 1038
3.776553894570267e-05 1039
4.653935102399975e-05 1040
4.692082111436291e-05 1041
2.7847316596343874e-05 1042
4.3487590301136136e-05 1043
5.645757337340018e-05 1044
3.318789786138643e-05 1045
4.0435829578230886e-05 1046
2.708437641561756e-05 1047
2.632143623489125e-05 1048
2.2125265240924286e-05 1049
4.1961709939669634e-05 1050
3.7384068855339514e-05 1051
3.509524831318833e-05 1052
2.9373196957768744e-05 1053
3.204348759029696e-05 1054
3.356936795173571e-05 1055
2.7847316596329996e-05 1056
3.8147009036079704e-05 1057
3.509524831318833e-05 1058
2.2125265240924286e-05 1059
4.310612021077298e-05 1060
3.43323081324759e-05 1061
4.348759030112226e-05 1062
4.234318003003279e-05 1063
3.890994921679214e-05 1064
3.8147009036065826e-05 1065
2.6702906325240527e-05 1066
2.9754667048145778e-05 1067
2.9754667048145778e-05 1068
4.539494075292416e-05 1069
4.2724650120395946e-05 1070
4.768376129508922e-05 1071
4.768376129508922e-05 1072
3.204348759029696e-05 1073
3.509524831318833e-05 1074
4.0435829578230886e-05 1075
3.776553894570267e-05 1076
3.1280547409584525e-05 1077
2.7465846505980718e-05 1078
2.6702906325240527e-05 1079
3.43323081324759e-05 1080
3.1280547409584525e-05 1081
4.196170993968351e-05 1082
4.196170993968351e-05 1083
3.776553894571655e-05 1084
3.623965858426392e-05 1085
2.6702906325254405e-05 1086
3.2424957680660116e-05 1087
3.547671840355149e-05 1088
3.089907731922137e-05 1089
3.089907731922137e-05 1090
3.662112867462708e-05 1091
4.234318003004667e-05 1092
4.234318003004667e-05 1093
3.5858188493914644e-05 1094
3.585818849390077e-05 1095
3.4713778222839053e-05 1096
4.234318003004667e-05 1097
4.2724650120395946e-05 1098
4.2724650120395946e-05 1099
4.4250530481834693e-05 1100
3.890994921679214e-05 1101
4.234318003004667e-05 1102
3.890994921679214e-05 1103
2.861025677705631e-05 1104
4.081729966860792e-05 1105
4.577641084328732e-05 1106
3.204348759029696e-05 1107
4.348759030112226e-05 1108
3.890994921679214e-05 1109
3.356936795173571e-05 1110
4.2724650120395946e-05 1111
4.539494075292416e-05 1112
5.340581265049493e-05 1113
3.2424957680660116e-05 1114
2.861025677705631e-05 1115
4.005435948788161e-05 1116
3.5858188493914644e-05 1117
2.9373196957768744e-05 1118
2.2125265240910408e-05 1119
4.653935102399975e-05 1120
4.653935102399975e-05 1121
2.2506735331287442e-05 1122
3.967288939751845e-05 1123
3.8147009036065826e-05 1124
2.3269675511999877e-05 1125
3.8147009036065826e-05 1126
3.0136137138508934e-05 1127
2.4414085783089345e-05 1128
4.997258183725428e-05 1129
4.005435948788161e-05 1130
4.577641084328732e-05 1131
5.4168752831221245e-05 1132
3.2424957680660116e-05 1133
3.1280547409584525e-05 1134
4.425053048184857e-05 1135
3.395083804209886e-05 1136
2.47955558734525e-05 1137
3.8147009036079704e-05 1138
4.348759030112226e-05 1139
3.547671840353761e-05 1140
4.539494075292416e-05 1141
3.890994921679214e-05 1142
4.5013470662574884e-05 1143
3.623965858426392e-05 1144
3.433230813246202e-05 1145
4.196170993968351e-05 1146
4.196170993968351e-05 1147
4.920964165652797e-05 1148
3.433230813246202e-05 1149
2.7084376415603684e-05 1150
3.662112867462708e-05 1151
3.890994921679214e-05 1152
4.463200057219785e-05 1153
3.5858188493914644e-05 1154
3.5858188493914644e-05 1155
3.623965858426392e-05 1156
3.623965858426392e-05 1157
2.8228786686693152e-05 1158
2.517702596380178e-05 1159
2.632143623489125e-05 1160
3.0136137138508934e-05 1161
3.280642777102327e-05 1162
2.403261569272619e-05 1163
2.861025677705631e-05 1164
4.11987697589572e-05 1165
3.4713778222825176e-05 1166
2.1362325060197973e-05 1167
4.9591111746891126e-05 1168
2.632143623489125e-05 1169
2.1362325060197973e-05 1170
4.1961709939669634e-05 1171
4.539494075292416e-05 1172
3.395083804211274e-05 1173
2.288820542163672e-05 1174
5.226140237941934e-05 1175
4.844670147580166e-05 1176
4.234318003004667e-05 1177
4.653935102401363e-05 1178
5.26428724697825e-05 1179
3.0136137138495056e-05 1180
9.002694132512201e-05 1181
0.00010147104403594731 1182
4.081729966859404e-05 1183
6.103521445771642e-05 1184
1.716615406623101e-05 1185
5.226140237941934e-05 1186
1.83105643373066e-05 1187
4.1961709939669634e-05 1188
4.7302291204739944e-05 1189
4.463200057221173e-05 1190
3.62396585842778e-05 1191
4.6157880933650475e-05 1192
4.1580239849320355e-05 1193
3.280642777102327e-05 1194
2.7847316596329996e-05 1195
2.8991726867419465e-05 1196
4.081729966860792e-05 1197
3.3569367951749585e-05 1198
4.005435948788161e-05 1199
3.776553894571655e-05 1200
3.204348759029696e-05 1201
4.7302291204726066e-05 1202
4.7302291204726066e-05 1203
3.395083804209886e-05 1204
3.356936795173571e-05 1205
2.861025677705631e-05 1206
2.708437641561756e-05 1207
3.547671840355149e-05 1208
3.852847912642898e-05 1209
3.738406885535339e-05 1210
3.356936795173571e-05 1211
3.7002598764990235e-05 1212
3.43323081324759e-05 1213
2.7465846505980718e-05 1214
3.16620174999338e-05 1215
3.0136137138495056e-05 1216
2.937319695778262e-05 1217
3.280642777102327e-05 1218
3.356936795173571e-05 1219
4.234318003003279e-05 1220
4.8446701475815535e-05 1221
3.890994921679214e-05 1222
3.890994921679214e-05 1223
1.4495863433702794e-05 1224
2.8991726867419465e-05 1225
2.708437641561756e-05 1226
2.861025677705631e-05 1227
4.5013470662561006e-05 1228
3.8147009036065826e-05 1229
3.890994921679214e-05 1230
3.089907731922137e-05 1231
2.8991726867419465e-05 1232
2.7084376415603684e-05 1233
5.0735522017980594e-05 1234
2.7847316596329996e-05 1235
3.395083804209886e-05 1236
3.318789786138643e-05 1237
4.692082111437679e-05 1238
4.653935102401363e-05 1239
2.861025677705631e-05 1240
3.9291419307155295e-05 1241
1.9836444698745348e-05 1242
1.9836444698745348e-05 1243
2.9373196957768744e-05 1244
2.5558496054164936e-05 1245
4.7302291204726066e-05 1246
3.8147009036079704e-05 1247
4.081729966859404e-05 1248
2.5558496054164936e-05 1249
3.433230813246202e-05 1250
4.234318003003279e-05 1251
2.0217914789108504e-05 1252
3.852847912644286e-05 1253
2.3269675512013754e-05 1254
4.1961709939669634e-05 1255
3.395083804209886e-05 1256
3.662112867462708e-05 1257
4.3869060391485415e-05 1258
4.768376129508922e-05 1259
3.623965858426392e-05 1260
2.5558496054164936e-05 1261
5.378728274085809e-05 1262
3.662112867462708e-05 1263
3.852847912642898e-05 1264
4.577641084328732e-05 1265
4.7302291204726066e-05 1266
5.264287246976862e-05 1267
4.2724650120395946e-05 1268
3.089907731922137e-05 1269
3.089907731922137e-05 1270
3.2424957680660116e-05 1271
3.2424957680660116e-05 1272
3.967288939751845e-05 1273
3.967288939751845e-05 1274
5.0735522017980594e-05 1275
4.348759030112226e-05 1276
3.662112867462708e-05 1277
3.2424957680673994e-05 1278
2.6702906325254405e-05 1279
3.509524831318833e-05 1280
2.4414085783089345e-05 1281
3.0136137138495056e-05 1282
3.0136137138495056e-05 1283
5.149846219869303e-05 1284
4.6157880933650475e-05 1285
5.035405192761744e-05 1286
6.065374436735327e-05 1287
3.089907731920749e-05 1288
3.128054740957065e-05 1289
3.5858188493914644e-05 1290
3.9291419307155295e-05 1291
2.937319695778262e-05 1292
3.16620174999338e-05 1293
4.539494075292416e-05 1294
3.280642777102327e-05 1295
3.204348759029696e-05 1296
1.83105643373066e-05 1297
3.128054740957065e-05 1298
1.7547624156594166e-05 1299
4.196170993968351e-05 1300
2.0980854969848695e-05 1301
1.907350451804679e-05 1302
3.662112867462708e-05 1303
5.5313163102296836e-05 1304
5.5313163102296836e-05 1305
3.623965858426392e-05 1306
2.861025677705631e-05 1307
2.6702906325240527e-05 1308
2.6702906325240527e-05 1309
3.433230813246202e-05 1310
3.9291419307155295e-05 1311
3.318789786137255e-05 1312
3.776553894570267e-05 1313
5.4168752831221245e-05 1314
3.8147009036079704e-05 1315
3.7384068855339514e-05 1316
4.3487590301136136e-05 1317
3.852847912642898e-05 1318
3.852847912642898e-05 1319
3.395083804209886e-05 1320
4.081729966859404e-05 1321
4.768376129508922e-05 1322
4.768376129508922e-05 1323
3.738406885535339e-05 1324
4.577641084328732e-05 1325
2.5558496054164936e-05 1326
2.7465846505980718e-05 1327
2.937319695778262e-05 1328
2.861025677705631e-05 1329
2.3269675511999877e-05 1330
2.3269675511999877e-05 1331
3.623965858426392e-05 1332
4.005435948786773e-05 1333
3.356936795173571e-05 1334
4.653935102399975e-05 1335
3.5858188493914644e-05 1336
2.365114560237691e-05 1337
4.0435829578230886e-05 1338
4.0435829578230886e-05 1339
4.31061202107591e-05 1340
3.2424957680660116e-05 1341
3.395083804209886e-05 1342
4.234318003003279e-05 1343
4.653935102401363e-05 1344
3.128054740957065e-05 1345
3.738406885535339e-05 1346
3.3569367951749585e-05 1347
3.433230813246202e-05 1348
3.8147009036079704e-05 1349
3.7002598764990235e-05 1350
2.8228786686693152e-05 1351
4.11987697589572e-05 1352
4.425053048184857e-05 1353
4.348759030112226e-05 1354
3.204348759029696e-05 1355
1.8692034427683635e-05 1356
3.509524831318833e-05 1357
3.433230813246202e-05 1358
3.662112867462708e-05 1359
3.509524831318833e-05 1360
3.204348759031084e-05 1361
4.539494075292416e-05 1362
4.5013470662561006e-05 1363
3.509524831318833e-05 1364
2.5939966144528093e-05 1365
2.403261569272619e-05 1366
2.937319695778262e-05 1367
2.937319695778262e-05 1368
4.9591111746891126e-05 1369
5.111699210832987e-05 1370
4.31061202107591e-05 1371
2.174379515056113e-05 1372
3.051760722885821e-05 1373
3.395083804211274e-05 1374
2.937319695778262e-05 1375
4.997258183725428e-05 1376
3.7002598764990235e-05 1377
3.967288939751845e-05 1378
3.776553894571655e-05 1379
4.463200057221173e-05 1380
4.11987697589572e-05 1381
3.890994921679214e-05 1382
2.5558496054178814e-05 1383
4.1580239849320355e-05 1384
4.31061202107591e-05 1385
2.632143623489125e-05 1386
5.149846219869303e-05 1387
3.7002598764990235e-05 1388
4.2724650120395946e-05 1389
3.051760722885821e-05 1390
3.051760722885821e-05 1391
3.204348759029696e-05 1392
3.2424957680673994e-05 1393
3.2424957680673994e-05 1394
2.3651145602363033e-05 1395
2.47955558734525e-05 1396
4.0435829578244764e-05 1397
4.692082111436291e-05 1398
4.196170993968351e-05 1399
3.547671840355149e-05 1400
3.967288939751845e-05 1401
1.5258803614429106e-05 1402
3.623965858426392e-05 1403
3.2424957680660116e-05 1404
3.852847912642898e-05 1405
3.089907731922137e-05 1406
3.204348759031084e-05 1407
2.2888205421650598e-05 1408
3.738406885535339e-05 1409
3.967288939751845e-05 1410
2.47955558734525e-05 1411
4.234318003004667e-05 1412
1.0681162530098987e-05 1413
3.1280547409584525e-05 1414
3.051760722885821e-05 1415
2.97546670481319e-05 1416
3.16620174999338e-05 1417
4.005435948786773e-05 1418
3.7002598764990235e-05 1419
4.2724650120409824e-05 1420
3.4713778222825176e-05 1421
3.4713778222825176e-05 1422
2.5558496054178814e-05 1423
2.5558496054178814e-05 1424
2.3651145602363033e-05 1425
3.623965858426392e-05 1426
3.623965858426392e-05 1427
3.623965858426392e-05 1428
3.547671840355149e-05 1429
3.051760722885821e-05 1430
1.4114393343353515e-05 1431
1.945497460839607e-05 1432
2.7084376415603684e-05 1433
1.831056433732048e-05 1434
2.746584650596684e-05 1435
4.005435948786773e-05 1436
3.395083804209886e-05 1437
3.3569367951749585e-05 1438
3.547671840355149e-05 1439
4.2724650120409824e-05 1440
3.2424957680660116e-05 1441
3.43323081324759e-05 1442
3.0136137138495056e-05 1443
3.280642777102327e-05 1444
3.62396585842778e-05 1445
3.62396585842778e-05 1446
3.585818849390077e-05 1447
3.585818849390077e-05 1448
2.403261569272619e-05 1449
2.7847316596329996e-05 1450
2.5939966144528093e-05 1451
2.517702596380178e-05 1452
3.509524831318833e-05 1453
2.9373196957768744e-05 1454
2.3269675511999877e-05 1455
2.288820542163672e-05 1456
3.16620174999338e-05 1457
2.5939966144528093e-05 1458
2.403261569272619e-05 1459
2.3651145602363033e-05 1460
2.3651145602363033e-05 1461
2.861025677705631e-05 1462
2.6702906325254405e-05 1463
2.2506735331273564e-05 1464
2.5558496054164936e-05 1465
2.403261569272619e-05 1466
2.2125265240924286e-05 1467
1.1062632620462143e-05 1468
2.6702906325254405e-05 1469
3.623965858426392e-05 1470
4.005435948788161e-05 1471
3.776553894571655e-05 1472
3.776553894571655e-05 1473
2.3651145602363033e-05 1474
3.2424957680660116e-05 1475
3.395083804209886e-05 1476
2.6702906325240527e-05 1477
3.1280547409584525e-05 1478
2.403261569272619e-05 1479
9.155282168646361e-06 1480
2.2125265240924286e-05 1481
3.318789786138643e-05 1482
2.174379515056113e-05 1483
2.2506735331287442e-05 1484
9.918222349386552e-06 1485
9.918222349386552e-06 1486
2.708437641561756e-05 1487
2.2506735331287442e-05 1488
2.632143623489125e-05 1489
2.4414085783089345e-05 1490
1.945497460839607e-05 1491
2.288820542163672e-05 1492
2.2125265240924286e-05 1493
4.005435948788161e-05 1494
3.204348759031084e-05 1495
1.7547624156594166e-05 1496
3.051760722885821e-05 1497
1.4495863433716671e-05 1498
2.059938487947166e-05 1499
2.632143623489125e-05 1500
2.2888205421650598e-05 1501
2.5558496054178814e-05 1502
2.8228786686693152e-05 1503
2.7847316596329996e-05 1504
2.5558496054164936e-05 1505
2.517702596380178e-05 1506
2.632143623489125e-05 1507
2.288820542163672e-05 1508
3.280642777102327e-05 1509
3.0136137138495056e-05 1510
2.5177025963815658e-05 1511
3.509524831318833e-05 1512
2.7084376415603684e-05 1513
2.7084376415603684e-05 1514
2.0217914789122382e-05 1515
3.204348759031084e-05 1516
1.7547624156594166e-05 1517
1.945497460839607e-05 1518
2.9373196957768744e-05 1519
3.280642777102327e-05 1520
1.7166154066244887e-05 1521
2.9754667048145778e-05 1522
3.051760722885821e-05 1523
3.4713778222825176e-05 1524
3.2424957680660116e-05 1525
2.4414085783075468e-05 1526
8.621224042153208e-05 1527
8.621224042153208e-05 1528
2.174379515056113e-05 1529
2.632143623489125e-05 1530
2.7847316596329996e-05 1531
1.9073504518032913e-05 1532
2.6702906325254405e-05 1533
2.7465846505980718e-05 1534
7.858283861429671e-05 1535
7.858283861429671e-05 1536
7.858283861431059e-05 1537
9.002694132512201e-05 1538
9.002694132512201e-05 1539
9.002694132512201e-05 1540
2.97546670481319e-05 1541
2.97546670481319e-05 1542
2.5939966144528093e-05 1543
1.831056433732048e-05 1544
3.204348759029696e-05 1545
1.9073504518032913e-05 1546
2.5939966144528093e-05 1547
3.16620174999338e-05 1548
2.7847316596329996e-05 1549
3.089907731922137e-05 1550
2.174379515056113e-05 1551
2.174379515056113e-05 1552
2.5558496054164936e-05 1553
1.7547624156594166e-05 1554
8.773812078297083e-06 1555
1.6403213885518575e-05 1556
1.907350451804679e-05 1557
2.3269675512013754e-05 1558
2.8228786686693152e-05 1559
2.8228786686693152e-05 1560
1.7929094246957322e-05 1561
2.861025677705631e-05 1562
2.059938487948554e-05 1563
3.0136137138495056e-05 1564
2.3269675511999877e-05 1565
2.3269675511999877e-05 1566
2.632143623489125e-05 1567
2.7847316596329996e-05 1568
2.4795555873438624e-05 1569
2.059938487947166e-05 1570
3.051760722885821e-05 1571
4.0435829578244764e-05 1572
1.716615406623101e-05 1573
2.5558496054164936e-05 1574
3.318789786138643e-05 1575
3.1280547409584525e-05 1576
3.1280547409584525e-05 1577
3.0136137138495056e-05 1578
4.348759030112226e-05 1579
3.204348759029696e-05 1580
3.280642777102327e-05 1581
2.2125265240924286e-05 1582
2.6702906325254405e-05 1583
1.7929094246957322e-05 1584
3.623965858426392e-05 1585
2.6702906325240527e-05 1586
3.623965858426392e-05 1587
2.7847316596329996e-05 1588
2.7847316596329996e-05 1589
4.081729966859404e-05 1590
4.692082111436291e-05 1591
2.861025677704243e-05 1592
7.629401807221492e-06 1593
2.8228786686693152e-05 1594
3.0136137138495056e-05 1595
2.2506735331273564e-05 1596
2.403261569272619e-05 1597
2.632143623489125e-05 1598
2.5558496054178814e-05 1599
2.5177025963815658e-05 1600
3.166201749994768e-05 1601
1.945497460839607e-05 1602
3.16620174999338e-05 1603
3.509524831318833e-05 1604
2.5177025963815658e-05 1605
3.433230813246202e-05 1606
4.005435948788161e-05 1607
3.051760722885821e-05 1608
2.8228786686693152e-05 1609
3.0136137138495056e-05 1610
4.1580239849320355e-05 1611
2.0217914789122382e-05 1612
2.059938487948554e-05 1613
1.7547624156594166e-05 1614
2.403261569272619e-05 1615
4.692082111436291e-05 1616
4.692082111436291e-05 1617
2.2125265240924286e-05 1618
2.5177025963815658e-05 1619
3.204348759031084e-05 1620
1.487733352406595e-05 1621
3.128054740957065e-05 1622
1.7547624156594166e-05 1623
3.166201749994768e-05 1624
3.089907731922137e-05 1625
1.3732923252990359e-05 1626
1.2588512981914768e-05 1627
2.7847316596343874e-05 1628
2.593996614454197e-05 1629
2.593996614454197e-05 1630
3.7002598764990235e-05 1631
1.7547624156594166e-05 1632
2.7465846505980718e-05 1633
2.5558496054178814e-05 1634
4.539494075292416e-05 1635
4.539494075292416e-05 1636
5.226140237941934e-05 1637
2.4414085783089345e-05 1638
1.7547624156594166e-05 1639
1.83105643373066e-05 1640
1.7547624156594166e-05 1641
4.234318003003279e-05 1642
2.5939966144528093e-05 1643
3.318789786138643e-05 1644
2.5939966144528093e-05 1645
3.051760722885821e-05 1646
3.166201749994768e-05 1647
4.653935102401363e-05 1648
3.395083804209886e-05 1649
