5.378728274087197e-05 0
4.005435948788161e-05 1
4.005435948788161e-05 2
3.395083804211274e-05 3
5.035405192761744e-05 4
5.035405192761744e-05 5
5.340581265050881e-05 6
6.637579572277286e-05 7
5.798345373482505e-05 8
4.9591111746905e-05 9
3.852847912644286e-05 10
3.852847912644286e-05 11
4.577641084328732e-05 12
6.752020599384845e-05 13
7.095343680710298e-05 14
6.408697518059392e-05 15
7.324225734925416e-05 16
5.378728274087197e-05 17
5.493169301193368e-05 18
5.493169301194756e-05 19
5.4168752831221245e-05 20
4.11987697589572e-05 21
4.997258183725428e-05 22
3.890994921679214e-05 23
4.577641084328732e-05 24
5.378728274085809e-05 25
4.9591111746891126e-05 26
4.882817156616481e-05 27
5.8746393915551365e-05 28
7.438666762034363e-05 29
3.280642777102327e-05 30
4.920964165652797e-05 31
5.5313163102296836e-05 32
4.425053048184857e-05 33
5.683904346374946e-05 34
5.45502229215844e-05 35
4.8446701475815535e-05 36
5.45502229215844e-05 37
4.920964165652797e-05 38
4.234318003004667e-05 39
3.166201749994768e-05 40
4.425053048184857e-05 41
4.76837612951031e-05 42
4.6157880933650475e-05 43
4.3869060391485415e-05 44
5.5313163102296836e-05 45
5.5313163102296836e-05 46
7.820136852394743e-05 47
3.776553894571655e-05 48
4.7302291204739944e-05 49
4.7302291204739944e-05 50
4.882817156616481e-05 51
5.226140237941934e-05 52
4.425053048184857e-05 53
4.425053048184857e-05 54
4.425053048184857e-05 55
4.692082111436291e-05 56
3.5858188493914644e-05 57
4.4250530481834693e-05 58
3.4713778222825176e-05 59
4.7302291204739944e-05 60
3.509524831318833e-05 61
4.7302291204739944e-05 62
4.310612021077298e-05 63
4.234318003004667e-05 64
5.035405192761744e-05 65
4.081729966859404e-05 66
4.081729966859404e-05 67
4.234318003003279e-05 68
4.234318003003279e-05 69
3.5858188493914644e-05 70
5.4168752831221245e-05 71
5.4168752831221245e-05 72
4.234318003003279e-05 73
5.149846219869303e-05 74
4.692082111436291e-05 75
3.9672889397504574e-05 76
4.768376129508922e-05 77
3.166201749994768e-05 78
4.8446701475815535e-05 79
5.912786400591452e-05 80
5.035405192761744e-05 81
4.653935102399975e-05 82
4.386906039147154e-05 83
5.378728274085809e-05 84
3.4713778222825176e-05 85
5.035405192761744e-05 86
6.637579572275898e-05 87
5.607610328302315e-05 88
5.607610328302315e-05 89
6.828314617456088e-05 90
7.133490689745225e-05 91
5.722051355411262e-05 92
4.7302291204726066e-05 93
9.956369358414541e-05 94
9.57489926805416e-05 95
8.392341987936702e-05 96
0.00010147104403594731 97
0.00011482249719857451 98
0.00011596690746966398 99
0.00011596690746966398 100
0.00011405955701786208 101
9.689340295161719e-05 102
0.0001071930953913669 103
9.422311231910285e-05 104
0.00011177073647568314 105
0.00010147104403594731 106
0.00010566721502991427 107
0.0001071930953913669 108
0.0001071930953913669 109
0.0001167298476503903 110
0.00010299692439739994 111
0.00012817395036120172 112
0.00012817395036120172 113
0.00010948191593353196 114
0.0001159669074696501 115
0.000100708103855221 116
0.00010414133466847553 117
0.00010986338602389512 118
0.00012359630927688547 119
0.00010261545430703678 120
0.00010681162530100374 121
0.00010948191593353196 122
0.0001091004458431688 123
0.00010337839448774921 124
9.26972319576641e-05 125
7.858283861431059e-05 126
6.217962472879202e-05 127
0.00011711131774075345 128
0.00012283336909615916 129
8.888253105404642e-05 130
0.0001110077962949707 131
7.324225734926804e-05 132
6.332403499988148e-05 133
6.256109481916905e-05 134
7.7438428343235e-05 135
5.6457573373386305e-05 136
5.6457573373386305e-05 137
4.2724650120409824e-05 138
4.2724650120409824e-05 139
5.493169301194756e-05 140
2.174379515056113e-05 141
4.9591111746891126e-05 142
4.9591111746891126e-05 143
6.866461626493792e-05 144
6.752020599384845e-05 145
6.752020599384845e-05 146
5.683904346374946e-05 147
7.400519752998047e-05 148
7.400519752998047e-05 149
6.523138545168339e-05 150
6.332403499988148e-05 151
8.201606942755124e-05 152
4.463200057219785e-05 153
7.781989843359816e-05 154
8.926400114440958e-05 155
7.438666762034363e-05 156
7.2860787258891e-05 157
6.980902653601351e-05 158
6.332403499988148e-05 159
6.332403499988148e-05 160
6.103521445771642e-05 161
5.149846219869303e-05 162
5.340581265049493e-05 163
5.149846219869303e-05 164
5.8746393915551365e-05 165
7.705695825287184e-05 166
7.705695825287184e-05 167
6.828314617457476e-05 168
4.1580239849320355e-05 169
6.752020599384845e-05 170
3.356936795173571e-05 171
5.836492382518821e-05 172
5.26428724697825e-05 173
7.705695825285797e-05 174
5.798345373482505e-05 175
5.836492382518821e-05 176
6.294256490951833e-05 177
6.561285554204654e-05 178
5.493169301194756e-05 179
4.8446701475815535e-05 180
5.7601983644475774e-05 181
4.539494075292416e-05 182
8.163459933718809e-05 183
5.8746393915551365e-05 184
6.484991536132023e-05 185
6.141668454807958e-05 186
7.476813771070678e-05 187
5.722051355411262e-05 188
4.997258183725428e-05 189
4.2724650120395946e-05 190
4.997258183725428e-05 191
6.217962472879202e-05 192
6.866461626492404e-05 193
6.141668454807958e-05 194
6.0653744367367146e-05 195
7.400519752998047e-05 196
6.065374436735327e-05 197
5.26428724697825e-05 198
5.798345373482505e-05 199
5.798345373482505e-05 200
7.820136852394743e-05 201
5.45502229215844e-05 202
5.378728274085809e-05 203
6.523138545168339e-05 204
5.6457573373386305e-05 205
5.912786400591452e-05 206
5.912786400591452e-05 207
5.912786400591452e-05 208
5.8746393915551365e-05 209
6.942755644566423e-05 210
5.950933409627768e-05 211
5.7601983644461896e-05 212
6.370550509024464e-05 213
5.035405192761744e-05 214
5.836492382518821e-05 215
6.446844527097095e-05 216
6.446844527097095e-05 217
6.484991536133411e-05 218
6.484991536133411e-05 219
6.523138545168339e-05 220
5.683904346374946e-05 221
6.561285554204654e-05 222
6.446844527095708e-05 223
6.59943256324097e-05 224
4.9591111746891126e-05 225
5.4168752831221245e-05 226
6.14166845480657e-05 227
3.204348759029696e-05 228
7.7438428343235e-05 229
6.141668454807958e-05 230
6.561285554204654e-05 231
6.866461626492404e-05 232
7.247931716852785e-05 233
4.348759030112226e-05 234
3.662112867462708e-05 235
6.446844527095708e-05 236
5.7601983644475774e-05 237
6.40869751806078e-05 238
6.40869751806078e-05 239
7.820136852394743e-05 240
6.027227427699011e-05 241
6.103521445771642e-05 242
5.836492382518821e-05 243
4.997258183725428e-05 244
5.264287246976862e-05 245
4.5013470662561006e-05 246
6.065374436735327e-05 247
5.569463319267387e-05 248
5.950933409627768e-05 249
5.607610328302315e-05 250
7.09534368070891e-05 251
4.1580239849320355e-05 252
5.836492382518821e-05 253
6.29425649095322e-05 254
6.179815463842886e-05 255
6.179815463842886e-05 256
6.179815463842886e-05 257
7.133490689745225e-05 258
5.9890804186626956e-05 259
6.332403499988148e-05 260
6.484991536133411e-05 261
5.912786400591452e-05 262
5.45502229215844e-05 263
5.26428724697825e-05 264
6.370550509024464e-05 265
6.675726581312214e-05 266
8.23975395179144e-05 267
6.599432563239582e-05 268
6.065374436735327e-05 269
5.45502229215844e-05 270
6.675726581312214e-05 271
5.493169301193368e-05 272
4.31061202107591e-05 273
5.683904346374946e-05 274
5.6457573373386305e-05 275
4.844670147580166e-05 276
4.348759030112226e-05 277
7.019049662637666e-05 278
5.9890804186640834e-05 279
7.057196671673982e-05 280
6.484991536133411e-05 281
6.484991536133411e-05 282
4.196170993968351e-05 283
7.171637698782929e-05 284
5.798345373482505e-05 285
5.798345373482505e-05 286
5.798345373482505e-05 287
6.21796247288059e-05 288
6.713873590348529e-05 289
5.035405192761744e-05 290
5.035405192761744e-05 291
5.378728274085809e-05 292
6.828314617456088e-05 293
3.852847912642898e-05 294
5.3024342560145654e-05 295
7.400519752998047e-05 296
5.5313163102310714e-05 297
4.882817156616481e-05 298
7.019049662636279e-05 299
6.866461626492404e-05 300
4.768376129508922e-05 301
5.378728274087197e-05 302
7.286078725890488e-05 303
4.463200057219785e-05 304
5.6457573373386305e-05 305
4.768376129508922e-05 306
6.446844527095708e-05 307
6.14166845480657e-05 308
4.806523138545238e-05 309
8.163459933718809e-05 310
7.896430870465987e-05 311
5.26428724697825e-05 312
4.3869060391485415e-05 313
6.484991536132023e-05 314
6.484991536132023e-05 315
6.484991536132023e-05 316
5.111699210834375e-05 317
7.057196671673982e-05 318
5.722051355411262e-05 319
6.79016760842116e-05 320
6.217962472879202e-05 321
5.722051355411262e-05 322
5.683904346374946e-05 323
4.081729966859404e-05 324
7.019049662637666e-05 325
7.019049662637666e-05 326
7.133490689745225e-05 327
6.40869751806078e-05 328
6.40869751806078e-05 329
4.234318003004667e-05 330
5.5313163102296836e-05 331
5.569463319265999e-05 332
6.332403499988148e-05 333
6.332403499988148e-05 334
6.332403499988148e-05 335
6.332403499988148e-05 336
5.5313163102310714e-05 337
5.5313163102310714e-05 338
7.133490689746613e-05 339
6.256109481916905e-05 340
4.882817156617869e-05 341
5.95093340962638e-05 342
6.14166845480657e-05 343
6.14166845480657e-05 344
7.2860787258891e-05 345
8.163459933718809e-05 346
5.378728274085809e-05 347
7.400519752998047e-05 348
7.324225734925416e-05 349
6.370550509024464e-05 350
4.7302291204726066e-05 351
6.370550509024464e-05 352
5.340581265050881e-05 353
5.912786400591452e-05 354
7.820136852394743e-05 355
4.9591111746891126e-05 356
5.683904346374946e-05 357
5.0735522017980594e-05 358
6.408697518059392e-05 359
4.997258183725428e-05 360
4.997258183725428e-05 361
5.7601983644475774e-05 362
5.7601983644475774e-05 363
6.637579572277286e-05 364
4.9591111746891126e-05 365
4.9591111746891126e-05 366
5.149846219869303e-05 367
6.294256490951833e-05 368
6.713873590348529e-05 369
5.836492382518821e-05 370
4.5013470662574884e-05 371
4.5013470662574884e-05 372
4.081729966860792e-05 373
6.59943256324097e-05 374
5.722051355411262e-05 375
5.722051355411262e-05 376
6.446844527095708e-05 377
5.0735522017966717e-05 378
6.408697518059392e-05 379
6.141668454807958e-05 380
6.980902653601351e-05 381
5.340581265050881e-05 382
5.683904346374946e-05 383
5.950933409627768e-05 384
6.408697518059392e-05 385
6.370550509023076e-05 386
6.370550509023076e-05 387
4.997258183725428e-05 388
6.103521445771642e-05 389
6.866461626492404e-05 390
6.065374436735327e-05 391
6.332403499988148e-05 392
5.912786400591452e-05 393
8.12531292468388e-05 394
6.713873590349917e-05 395
5.8364923825202086e-05 396
7.171637698781541e-05 397
8.277900960827755e-05 398
7.133490689746613e-05 399
6.103521445771642e-05 400
6.866461626492404e-05 401
6.866461626492404e-05 402
5.9890804186640834e-05 403
6.942755644565035e-05 404
6.027227427700399e-05 405
5.0735522017980594e-05 406
6.141668454807958e-05 407
6.408697518059392e-05 408
3.852847912642898e-05 409
4.920964165652797e-05 410
4.6157880933650475e-05 411
5.3024342560145654e-05 412
4.768376129508922e-05 413
5.45502229215844e-05 414
5.45502229215844e-05 415
6.179815463844274e-05 416
5.7601983644461896e-05 417
5.7601983644461896e-05 418
5.7601983644461896e-05 419
5.836492382518821e-05 420
5.836492382518821e-05 421
5.3024342560145654e-05 422
5.340581265050881e-05 423
6.294256490951833e-05 424
7.019049662637666e-05 425
6.713873590348529e-05 426
5.569463319265999e-05 427
5.569463319265999e-05 428
4.806523138545238e-05 429
4.9591111746891126e-05 430
6.256109481915517e-05 431
6.408697518059392e-05 432
5.45502229215844e-05 433
5.45502229215844e-05 434
6.446844527097095e-05 435
6.942755644566423e-05 436
7.476813771070678e-05 437
7.247931716854172e-05 438
6.637579572277286e-05 439
6.637579572277286e-05 440
4.234318003004667e-05 441
5.493169301194756e-05 442
5.9890804186626956e-05 443
6.523138545168339e-05 444
6.90460863552872e-05 445
6.256109481915517e-05 446
5.340581265049493e-05 447
6.027227427699011e-05 448
6.027227427699011e-05 449
7.133490689745225e-05 450
5.912786400591452e-05 451
6.523138545168339e-05 452
6.980902653601351e-05 453
5.8746393915551365e-05 454
6.065374436735327e-05 455
4.882817156616481e-05 456
4.234318003003279e-05 457
6.14166845480657e-05 458
6.14166845480657e-05 459
7.362372743961731e-05 460
6.40869751806078e-05 461
8.010871897576322e-05 462
7.057196671673982e-05 463
6.21796247288059e-05 464
5.7601983644461896e-05 465
6.484991536133411e-05 466
6.484991536133411e-05 467
4.6157880933650475e-05 468
5.45502229215844e-05 469
4.8446701475815535e-05 470
6.942755644566423e-05 471
5.45502229215844e-05 472
6.446844527095708e-05 473
5.950933409627768e-05 474
3.395083804209886e-05 475
5.035405192761744e-05 476
6.40869751806078e-05 477
9.307870204801338e-05 478
0.000100708103855221 479
8.087165915647565e-05 480
8.087165915647565e-05 481
8.468636006007946e-05 482
8.316047969864071e-05 483
7.209784707817857e-05 484
7.209784707817857e-05 485
6.942755644565035e-05 486
9.193429177692392e-05 487
0.000133133061535895 488
9.651193286125404e-05 489
0.0001312257110840931 490
0.0001312257110840931 491
0.0001312257110840931 492
0.000122451899005796 493
0.00013923658298166386 494
0.0001205445485539941 495
8.163459933720196e-05 496
0.00014038099325275333 497
0.00011749278783110273 498
0.000122451899005796 499
0.0001262665999093998 500
0.0001388551128913007 501
0.00013351453162625815 502
0.00013160718117445624 503
0.00011634837756001326 504
0.00012168895882506969 505
0.00013656629234914952 506
0.00012969983072264046 507
0.00012969983072264046 508
0.0001350404119876969 509
0.00012779248027083856 510
0.000122451899005796 511
0.00013198865126480552 512
8.392341987935314e-05 513
0.00013008130081300362 514
0.000133133061535895 515
0.00012550365972868738 516
0.00012931836063229118 517
0.0001350404119876969 518
0.00012092601864434338 519
0.00012092601864434338 520
0.0001350404119876969 521
9.57489926805416e-05 522
0.00011215220656606018 523
0.00014038099325273945 524
0.00014038099325273945 525
0.00012702954009012613 526
0.00012893689054192803 527
0.00013732923252986196 528
0.00013732923252986196 529
0.00011978160837326779 530
0.00010795603557207933 531
0.0001377107026202251 532
0.00012512218963832422 533
0.00012512218963832422 534
0.00014305128388528154 535
0.00014305128388528154 536
0.0001243592494575979 537
0.00012893689054192803 538
0.00012893689054192803 539
9.040841141549905e-05 540
0.00013847364280093755 541
0.00013427747180698446 542
0.00013427747180698446 543
0.00013580335216840933 544
0.00014343275397563082 545
0.00015373244641538053 546
0.00015373244641538053 547
0.0001361848222587725 548
0.00012664806999976297 549
0.00012664806999976297 550
0.00014381422406599398 551
0.00012588512981903666 552
0.0001388551128913007 553
0.00013923658298166386 554
0.00013809217271058827 555
0.00013847364280095142 556
0.00013961805307202702 557
8.697518060224452e-05 558
8.697518060224452e-05 559
0.00013809217271058827 560
0.00014228834370454135 561
0.00015983596786113552 562
0.00013771070262021123 563
0.00013771070262021123 564
0.00014419569415635713 565
0.00014419569415635713 566
0.00014915480533103653 567
0.00011062632620462143 568
0.00013847364280093755 569
0.00014076246334311648 570
0.00014076246334311648 571
0.00014076246334311648 572
0.00014076246334311648 573
0.0001186371981021922 574
9.078988150584832e-05 575
5.722051355411262e-05 576
8.659371051188136e-05 577
9.193429177693779e-05 578
7.286078725890488e-05 579
8.621224042153208e-05 580
8.392341987936702e-05 581
8.773812078297083e-05 582
7.476813771070678e-05 583
6.828314617457476e-05 584
6.828314617457476e-05 585
8.23975395179144e-05 586
6.484991536132023e-05 587
8.468636006007946e-05 588
5.912786400591452e-05 589
7.324225734925416e-05 590
7.324225734925416e-05 591
8.010871897574934e-05 592
7.400519752998047e-05 593
7.705695825285797e-05 594
9.002694132513589e-05 595
9.994516367452244e-05 596
7.667548816250869e-05 597
7.705695825287184e-05 598
7.743842834322112e-05 599
7.514960780106994e-05 600
8.811959087333399e-05 601
7.820136852394743e-05 602
7.820136852394743e-05 603
6.332403499988148e-05 604
8.392341987936702e-05 605
6.79016760842116e-05 606
8.468636006007946e-05 607
8.468636006007946e-05 608
6.980902653601351e-05 609
5.836492382518821e-05 610
7.171637698781541e-05 611
8.23975395179144e-05 612
7.858283861431059e-05 613
7.858283861431059e-05 614
8.430488996973018e-05 615
6.561285554204654e-05 616
7.2860787258891e-05 617
7.286078725890488e-05 618
6.942755644565035e-05 619
6.942755644565035e-05 620
4.653935102399975e-05 621
6.332403499988148e-05 622
6.904608635530107e-05 623
7.247931716854172e-05 624
7.820136852394743e-05 625
7.553107789141922e-05 626
7.209784707817857e-05 627
5.7601983644461896e-05 628
8.201606942755124e-05 629
7.438666762032975e-05 630
7.438666762032975e-05 631
7.438666762032975e-05 632
4.692082111437679e-05 633
8.659371051188136e-05 634
8.659371051188136e-05 635
6.141668454807958e-05 636
7.514960780106994e-05 637
9.231576186730095e-05 638
7.705695825287184e-05 639
0.00010299692439738606 640
9.193429177692392e-05 641
9.193429177692392e-05 642
9.193429177692392e-05 643
7.591254798179625e-05 644
5.226140237941934e-05 645
7.972724888538618e-05 646
8.163459933720196e-05 647
9.155282168657464e-05 648
3.967288939751845e-05 649
7.591254798178237e-05 650
7.896430870467375e-05 651
9.231576186730095e-05 652
8.964547123477273e-05 653
6.675726581313601e-05 654
6.637579572277286e-05 655
6.637579572277286e-05 656
5.1879932289056185e-05 657
8.239753951792828e-05 658
8.087165915647565e-05 659
7.514960780105606e-05 660
7.514960780105606e-05 661
7.591254798178237e-05 662
8.43048899697163e-05 663
9.040841141548517e-05 664
8.163459933718809e-05 665
8.163459933718809e-05 666
7.629401807214553e-05 667
7.629401807214553e-05 668
6.980902653601351e-05 669
7.553107789141922e-05 670
8.697518060224452e-05 671
8.010871897576322e-05 672
8.010871897576322e-05 673
8.354194978900387e-05 674
7.133490689746613e-05 675
7.019049662636279e-05 676
8.62122404215182e-05 677
8.62122404215182e-05 678
8.277900960827755e-05 679
7.972724888538618e-05 680
8.125312924682493e-05 681
8.62122404215182e-05 682
8.04901890661125e-05 683
8.04901890661125e-05 684
7.972724888538618e-05 685
7.972724888538618e-05 686
5.912786400591452e-05 687
6.637579572275898e-05 688
7.93457787950369e-05 689
9.155282168657464e-05 690
7.247931716854172e-05 691
8.239753951792828e-05 692
8.239753951792828e-05 693
8.087165915646177e-05 694
8.277900960827755e-05 695
7.286078725890488e-05 696
7.286078725890488e-05 697
7.820136852394743e-05 698
8.659371051188136e-05 699
8.087165915647565e-05 700
8.087165915647565e-05 701
8.087165915647565e-05 702
8.964547123477273e-05 703
7.209784707817857e-05 704
8.163459933720196e-05 705
8.697518060224452e-05 706
8.506783015044261e-05 707
8.125312924682493e-05 708
8.316047969864071e-05 709
8.163459933720196e-05 710
6.027227427699011e-05 711
8.125312924682493e-05 712
9.994516367450856e-05 713
8.316047969864071e-05 714
8.850106096368326e-05 715
9.613046277090476e-05 716
8.583077033115505e-05 717
7.667548816250869e-05 718
8.392341987935314e-05 719
7.400519752998047e-05 720
6.675726581313601e-05 721
0.00010414133466847553 722
8.354194978900387e-05 723
7.591254798178237e-05 724
9.040841141548517e-05 725
6.752020599384845e-05 726
6.752020599384845e-05 727
5.6839043463735583e-05 728
7.095343680710298e-05 729
6.79016760842116e-05 730
4.8446701475815535e-05 731
5.9890804186640834e-05 732
6.828314617457476e-05 733
6.561285554204654e-05 734
6.561285554204654e-05 735
6.446844527097095e-05 736
9.117135159622536e-05 737
6.40869751806078e-05 738
5.493169301194756e-05 739
5.0735522017980594e-05 740
6.904608635530107e-05 741
5.264287246976862e-05 742
5.264287246976862e-05 743
4.653935102399975e-05 744
6.027227427699011e-05 745
5.6457573373386305e-05 746
7.133490689745225e-05 747
7.019049662637666e-05 748
8.04901890661125e-05 749
5.035405192761744e-05 750
5.035405192761744e-05 751
6.21796247288059e-05 752
5.607610328302315e-05 753
5.607610328302315e-05 754
7.400519752998047e-05 755
4.31061202107591e-05 756
5.950933409627768e-05 757
4.9591111746905e-05 758
4.9591111746905e-05 759
7.133490689745225e-05 760
6.713873590348529e-05 761
6.027227427699011e-05 762
5.607610328302315e-05 763
6.33240349998676e-05 764
6.33240349998676e-05 765
5.8746393915551365e-05 766
6.103521445771642e-05 767
5.0735522017966717e-05 768
5.0735522017966717e-05 769
5.378728274085809e-05 770
7.171637698781541e-05 771
6.675726581312214e-05 772
6.675726581312214e-05 773
6.675726581312214e-05 774
6.675726581312214e-05 775
6.675726581312214e-05 776
5.4168752831221245e-05 777
5.035405192761744e-05 778
6.179815463842886e-05 779
5.26428724697825e-05 780
6.561285554204654e-05 781
4.348759030112226e-05 782
6.942755644565035e-05 783
6.79016760842116e-05 784
7.820136852394743e-05 785
5.45502229215844e-05 786
5.8746393915551365e-05 787
7.362372743961731e-05 788
4.997258183725428e-05 789
7.133490689745225e-05 790
5.149846219869303e-05 791
6.027227427699011e-05 792
8.583077033116893e-05 793
7.858283861431059e-05 794
6.103521445771642e-05 795
6.103521445771642e-05 796
6.675726581313601e-05 797
6.446844527095708e-05 798
6.446844527095708e-05 799
7.667548816249481e-05 800
6.446844527095708e-05 801
5.950933409627768e-05 802
6.370550509024464e-05 803
6.484991536132023e-05 804
5.95093340962638e-05 805
6.866461626493792e-05 806
5.111699210832987e-05 807
5.493169301194756e-05 808
6.637579572277286e-05 809
7.286078725890488e-05 810
8.468636006007946e-05 811
8.125312924682493e-05 812
5.836492382518821e-05 813
6.332403499988148e-05 814
6.332403499988148e-05 815
6.675726581312214e-05 816
7.514960780106994e-05 817
6.942755644566423e-05 818
6.713873590349917e-05 819
6.713873590349917e-05 820
6.713873590349917e-05 821
7.820136852396131e-05 822
6.065374436735327e-05 823
6.065374436735327e-05 824
6.065374436735327e-05 825
6.065374436735327e-05 826
6.065374436735327e-05 827
5.7601983644475774e-05 828
8.316047969864071e-05 829
7.09534368070891e-05 830
4.4250530481834693e-05 831
6.637579572277286e-05 832
6.484991536132023e-05 833
3.166201749994768e-05 834
6.332403499988148e-05 835
5.722051355411262e-05 836
4.882817156617869e-05 837
7.324225734926804e-05 838
5.6457573373386305e-05 839
5.5313163102310714e-05 840
4.577641084328732e-05 841
6.027227427699011e-05 842
4.997258183725428e-05 843
2.403261569272619e-05 844
5.4168752831221245e-05 845
5.4168752831221245e-05 846
5.6457573373386305e-05 847
4.5013470662574884e-05 848
5.4168752831221245e-05 849
4.348759030112226e-05 850
4.539494075292416e-05 851
3.9291419307155295e-05 852
4.920964165652797e-05 853
3.967288939751845e-05 854
4.768376129508922e-05 855
6.40869751806078e-05 856
5.1879932289056185e-05 857
6.294256490951833e-05 858
3.623965858426392e-05 859
4.196170993968351e-05 860
2.7465846505980718e-05 861
2.7465846505980718e-05 862
4.2724650120395946e-05 863
5.3024342560131776e-05 864
3.280642777102327e-05 865
3.280642777102327e-05 866
5.340581265050881e-05 867
3.547671840355149e-05 868
4.7302291204739944e-05 869
4.3869060391485415e-05 870
3.852847912642898e-05 871
3.509524831318833e-05 872
3.2424957680660116e-05 873
5.912786400591452e-05 874
4.425053048184857e-05 875
4.577641084328732e-05 876
4.1580239849320355e-05 877
4.9591111746891126e-05 878
4.348759030112226e-05 879
3.356936795173571e-05 880
5.4168752831221245e-05 881
4.920964165652797e-05 882
4.0435829578230886e-05 883
4.806523138545238e-05 884
5.149846219869303e-05 885
4.463200057219785e-05 886
4.806523138545238e-05 887
3.318789786138643e-05 888
2.9373196957768744e-05 889
4.768376129508922e-05 890
5.493169301193368e-05 891
5.035405192761744e-05 892
5.035405192761744e-05 893
5.035405192761744e-05 894
4.0435829578230886e-05 895
6.217962472879202e-05 896
4.4250530481834693e-05 897
5.111699210834375e-05 898
5.111699210834375e-05 899
2.8991726867419465e-05 900
4.7302291204739944e-05 901
4.7302291204739944e-05 902
4.7302291204739944e-05 903
5.149846219870691e-05 904
4.196170993968351e-05 905
4.692082111437679e-05 906
4.692082111437679e-05 907
4.692082111437679e-05 908
3.089907731922137e-05 909
3.089907731922137e-05 910
4.539494075292416e-05 911
5.683904346374946e-05 912
4.6157880933650475e-05 913
3.776553894570267e-05 914
3.776553894570267e-05 915
4.3869060391485415e-05 916
4.4250530481834693e-05 917
3.16620174999338e-05 918
4.081729966859404e-05 919
4.4250530481834693e-05 920
4.692082111436291e-05 921
4.4250530481834693e-05 922
4.882817156616481e-05 923
4.234318003003279e-05 924
4.920964165652797e-05 925
4.920964165652797e-05 926
4.577641084328732e-05 927
5.226140237941934e-05 928
4.7302291204726066e-05 929
6.179815463844274e-05 930
4.196170993968351e-05 931
5.798345373482505e-05 932
4.806523138545238e-05 933
3.433230813246202e-05 934
4.577641084328732e-05 935
3.852847912642898e-05 936
3.852847912644286e-05 937
4.768376129508922e-05 938
5.226140237941934e-05 939
3.4713778222825176e-05 940
4.61578809336366e-05 941
7.09534368070891e-05 942
4.1580239849320355e-05 943
4.1580239849320355e-05 944
3.433230813246202e-05 945
5.569463319265999e-05 946
4.196170993968351e-05 947
3.166201749994768e-05 948
4.196170993968351e-05 949
4.196170993968351e-05 950
2.937319695778262e-05 951
5.264287246976862e-05 952
5.264287246976862e-05 953
5.264287246976862e-05 954
5.264287246976862e-05 955
3.7384068855339514e-05 956
4.11987697589572e-05 957
5.378728274085809e-05 958
5.798345373482505e-05 959
4.577641084328732e-05 960
5.8746393915551365e-05 961
4.005435948788161e-05 962
2.8228786686693152e-05 963
4.196170993968351e-05 964
4.196170993968351e-05 965
4.196170993968351e-05 966
4.9591111746891126e-05 967
5.111699210832987e-05 968
4.768376129508922e-05 969
5.798345373482505e-05 970
4.4250530481834693e-05 971
3.585818849390077e-05 972
5.4168752831221245e-05 973
5.683904346374946e-05 974
5.683904346374946e-05 975
4.7302291204726066e-05 976
5.607610328302315e-05 977
5.607610328302315e-05 978
4.653935102399975e-05 979
5.493169301194756e-05 980
4.768376129508922e-05 981
2.8228786686693152e-05 982
3.5858188493914644e-05 983
3.623965858426392e-05 984
4.2724650120409824e-05 985
5.340581265050881e-05 986
5.8364923825202086e-05 987
8.468636006007946e-05 988
6.065374436735327e-05 989
2.861025677705631e-05 990
5.45502229215844e-05 991
4.7302291204739944e-05 992
3.1280547409584525e-05 993
4.6157880933650475e-05 994
5.722051355411262e-05 995
4.5013470662561006e-05 996
6.523138545168339e-05 997
4.577641084328732e-05 998
5.035405192761744e-05 999
4.920964165654185e-05 1000
4.196170993968351e-05 1001
4.196170993968351e-05 1002
4.80652313854385e-05 1003
3.9672889397504574e-05 1004
5.26428724697825e-05 1005
5.26428724697825e-05 1006
4.3869060391485415e-05 1007
5.035405192761744e-05 1008
6.332403499988148e-05 1009
6.332403499988148e-05 1010
5.1879932289056185e-05 1011
4.425053048184857e-05 1012
4.348759030112226e-05 1013
4.539494075292416e-05 1014
4.539494075292416e-05 1015
6.141668454807958e-05 1016
5.836492382518821e-05 1017
4.31061202107591e-05 1018
4.692082111436291e-05 1019
4.692082111437679e-05 1020
2.3269675512013754e-05 1021
3.9291419307155295e-05 1022
3.9291419307155295e-05 1023
3.9291419307155295e-05 1024
4.1580239849320355e-05 1025
3.967288939751845e-05 1026
3.890994921680602e-05 1027
4.997258183725428e-05 1028
5.340581265050881e-05 1029
3.5858188493914644e-05 1030
4.31061202107591e-05 1031
5.8746393915551365e-05 1032
5.912786400591452e-05 1033
5.4168752831221245e-05 1034
4.5013470662561006e-05 1035
2.5177025963815658e-05 1036
4.1580239849320355e-05 1037
4.806523138545238e-05 1038
4.806523138545238e-05 1039
5.26428724697825e-05 1040
6.40869751806078e-05 1041
5.874639391556524e-05 1042
5.683904346374946e-05 1043
8.087165915647565e-05 1044
6.713873590348529e-05 1045
5.607610328302315e-05 1046
7.514960780106994e-05 1047
4.348759030112226e-05 1048
5.035405192761744e-05 1049
4.196170993968351e-05 1050
5.6457573373386305e-05 1051
4.005435948788161e-05 1052
3.433230813246202e-05 1053
4.0435829578230886e-05 1054
5.493169301194756e-05 1055
4.882817156617869e-05 1056
4.348759030112226e-05 1057
5.722051355411262e-05 1058
2.1362325060197973e-05 1059
4.463200057221173e-05 1060
4.0435829578244764e-05 1061
5.149846219870691e-05 1062
4.653935102401363e-05 1063
4.348759030112226e-05 1064
4.768376129508922e-05 1065
3.051760722885821e-05 1066
3.929141930714142e-05 1067
3.929141930714142e-05 1068
3.051760722885821e-05 1069
5.0735522017980594e-05 1070
4.463200057221173e-05 1071
5.0735522017980594e-05 1072
5.7601983644475774e-05 1073
4.7302291204739944e-05 1074
3.4713778222825176e-05 1075
4.348759030112226e-05 1076
2.7084376415603684e-05 1077
5.035405192761744e-05 1078
4.234318003003279e-05 1079
4.8446701475815535e-05 1080
5.035405192761744e-05 1081
5.4168752831221245e-05 1082
4.8446701475815535e-05 1083
4.6157880933650475e-05 1084
4.2724650120409824e-05 1085
4.1580239849320355e-05 1086
3.967288939751845e-05 1087
5.111699210832987e-05 1088
5.035405192761744e-05 1089
6.179815463844274e-05 1090
5.912786400591452e-05 1091
6.294256490951833e-05 1092
6.294256490951833e-05 1093
4.463200057219785e-05 1094
4.11987697589572e-05 1095
4.3869060391485415e-05 1096
5.3024342560145654e-05 1097
4.6157880933650475e-05 1098
2.4414085783089345e-05 1099
4.425053048184857e-05 1100
6.065374436735327e-05 1101
6.256109481915517e-05 1102
5.26428724697825e-05 1103
4.2724650120409824e-05 1104
3.3569367951749585e-05 1105
4.5013470662574884e-05 1106
4.234318003004667e-05 1107
3.623965858426392e-05 1108
4.768376129508922e-05 1109
5.4168752831221245e-05 1110
4.806523138545238e-05 1111
4.768376129508922e-05 1112
3.547671840355149e-05 1113
4.7302291204726066e-05 1114
4.8446701475815535e-05 1115
4.5013470662574884e-05 1116
4.9591111746905e-05 1117
4.425053048184857e-05 1118
2.7084376415603684e-05 1119
5.416875283123512e-05 1120
6.29425649095322e-05 1121
4.005435948788161e-05 1122
4.844670147580166e-05 1123
4.1580239849320355e-05 1124
5.111699210832987e-05 1125
4.9591111746891126e-05 1126
4.577641084328732e-05 1127
5.26428724697825e-05 1128
5.26428724697825e-05 1129
4.920964165652797e-05 1130
3.1280547409584525e-05 1131
3.1280547409584525e-05 1132
4.997258183725428e-05 1133
4.997258183725428e-05 1134
4.806523138545238e-05 1135
6.79016760842116e-05 1136
5.912786400591452e-05 1137
5.8746393915551365e-05 1138
4.997258183725428e-05 1139
5.035405192761744e-05 1140
4.11987697589572e-05 1141
5.493169301194756e-05 1142
4.425053048184857e-05 1143
4.539494075292416e-05 1144
4.920964165652797e-05 1145
3.776553894571655e-05 1146
5.26428724697825e-05 1147
6.179815463844274e-05 1148
5.3024342560145654e-05 1149
2.7084376415603684e-05 1150
4.4250530481834693e-05 1151
4.4250530481834693e-05 1152
4.539494075293804e-05 1153
5.111699210834375e-05 1154
3.433230813246202e-05 1155
3.776553894571655e-05 1156
4.692082111436291e-05 1157
4.997258183725428e-05 1158
4.844670147580166e-05 1159
4.3869060391485415e-05 1160
3.2424957680660116e-05 1161
5.8746393915551365e-05 1162
5.8746393915551365e-05 1163
4.3869060391485415e-05 1164
4.692082111437679e-05 1165
4.9591111746905e-05 1166
4.692082111437679e-05 1167
4.577641084328732e-05 1168
4.348759030112226e-05 1169
5.1879932289056185e-05 1170
6.790167608419773e-05 1171
5.798345373482505e-05 1172
4.806523138545238e-05 1173
5.1879932289056185e-05 1174
4.844670147580166e-05 1175
7.858283861431059e-05 1176
5.187993228907006e-05 1177
6.752020599384845e-05 1178
2.632143623489125e-05 1179
4.11987697589572e-05 1180
9.536752259017844e-05 1181
0.0001399995231623763 1182
4.7302291204726066e-05 1183
8.354194978900387e-05 1184
5.6457573373386305e-05 1185
3.318789786138643e-05 1186
4.081729966860792e-05 1187
2.8228786686693152e-05 1188
3.2424957680660116e-05 1189
4.539494075292416e-05 1190
5.3024342560145654e-05 1191
6.141668454807958e-05 1192
6.637579572275898e-05 1193
5.569463319265999e-05 1194
4.882817156616481e-05 1195
4.920964165654185e-05 1196
5.149846219869303e-05 1197
2.4414085783075468e-05 1198
4.5013470662561006e-05 1199
5.95093340962638e-05 1200
4.653935102399975e-05 1201
4.6157880933650475e-05 1202
5.7601983644475774e-05 1203
5.7601983644475774e-05 1204
4.806523138545238e-05 1205
3.623965858426392e-05 1206
4.0435829578244764e-05 1207
3.890994921680602e-05 1208
3.509524831318833e-05 1209
4.11987697589572e-05 1210
4.234318003003279e-05 1211
4.692082111436291e-05 1212
5.035405192761744e-05 1213
4.692082111436291e-05 1214
4.1961709939669634e-05 1215
3.7384068855339514e-05 1216
4.768376129508922e-05 1217
4.2724650120409824e-05 1218
5.340581265050881e-05 1219
5.6076103283037027e-05 1220
5.3024342560145654e-05 1221
4.920964165654185e-05 1222
4.920964165654185e-05 1223
3.43323081324759e-05 1224
5.493169301194756e-05 1225
6.752020599384845e-05 1226
4.234318003004667e-05 1227
5.45502229215844e-05 1228
5.226140237941934e-05 1229
5.4168752831221245e-05 1230
5.798345373482505e-05 1231
4.425053048184857e-05 1232
3.8147009036065826e-05 1233
5.836492382518821e-05 1234
4.768376129508922e-05 1235
3.7384068855339514e-05 1236
4.806523138545238e-05 1237
4.806523138545238e-05 1238
4.081729966859404e-05 1239
3.9672889397504574e-05 1240
4.920964165652797e-05 1241
4.081729966860792e-05 1242
4.081729966860792e-05 1243
3.890994921679214e-05 1244
4.539494075292416e-05 1245
6.866461626493792e-05 1246
4.310612021077298e-05 1247
4.5013470662561006e-05 1248
4.5013470662561006e-05 1249
4.539494075292416e-05 1250
5.950933409627768e-05 1251
5.798345373483893e-05 1252
4.234318003004667e-05 1253
3.547671840355149e-05 1254
5.950933409627768e-05 1255
5.4168752831221245e-05 1256
5.4168752831221245e-05 1257
4.196170993968351e-05 1258
6.79016760842116e-05 1259
6.79016760842116e-05 1260
3.280642777102327e-05 1261
4.6157880933650475e-05 1262
5.8746393915551365e-05 1263
5.340581265050881e-05 1264
5.340581265050881e-05 1265
5.340581265050881e-05 1266
5.912786400591452e-05 1267
5.8746393915551365e-05 1268
4.539494075292416e-05 1269
1.716615406623101e-05 1270
4.3869060391485415e-05 1271
4.692082111437679e-05 1272
3.3569367951749585e-05 1273
4.653935102401363e-05 1274
5.950933409627768e-05 1275
4.11987697589572e-05 1276
4.997258183725428e-05 1277
5.950933409627768e-05 1278
4.997258183725428e-05 1279
4.6157880933650475e-05 1280
4.348759030112226e-05 1281
4.2724650120409824e-05 1282
4.2724650120409824e-05 1283
4.11987697589572e-05 1284
5.569463319267387e-05 1285
5.683904346374946e-05 1286
4.882817156617869e-05 1287
3.62396585842778e-05 1288
4.196170993968351e-05 1289
4.8446701475815535e-05 1290
4.310612021077298e-05 1291
5.26428724697825e-05 1292
4.5013470662561006e-05 1293
4.2724650120395946e-05 1294
4.7302291204726066e-05 1295
4.806523138545238e-05 1296
5.6457573373386305e-05 1297
5.569463319265999e-05 1298
5.0735522017966717e-05 1299
4.0435829578230886e-05 1300
6.065374436735327e-05 1301
6.065374436735327e-05 1302
6.065374436735327e-05 1303
5.26428724697825e-05 1304
3.318789786138643e-05 1305
3.662112867462708e-05 1306
5.7601983644475774e-05 1307
5.4168752831221245e-05 1308
5.4168752831221245e-05 1309
3.509524831318833e-05 1310
5.683904346374946e-05 1311
5.7601983644475774e-05 1312
4.31061202107591e-05 1313
4.8446701475815535e-05 1314
4.8446701475815535e-05 1315
6.523138545168339e-05 1316
2.6702906325254405e-05 1317
4.3869060391485415e-05 1318
4.3869060391485415e-05 1319
4.081729966859404e-05 1320
4.8446701475815535e-05 1321
4.577641084328732e-05 1322
5.149846219870691e-05 1323
3.2424957680660116e-05 1324
4.6157880933650475e-05 1325
4.7302291204726066e-05 1326
5.035405192761744e-05 1327
5.035405192761744e-05 1328
3.852847912642898e-05 1329
3.890994921679214e-05 1330
3.890994921679214e-05 1331
3.890994921679214e-05 1332
4.768376129508922e-05 1333
5.493169301194756e-05 1334
5.493169301194756e-05 1335
5.226140237941934e-05 1336
4.653935102399975e-05 1337
3.280642777102327e-05 1338
3.280642777102327e-05 1339
4.0435829578244764e-05 1340
4.0435829578244764e-05 1341
5.149846219869303e-05 1342
5.607610328302315e-05 1343
5.7601983644475774e-05 1344
3.7002598764990235e-05 1345
4.005435948788161e-05 1346
4.692082111436291e-05 1347
3.738406885535339e-05 1348
3.318789786138643e-05 1349
4.5013470662561006e-05 1350
4.463200057219785e-05 1351
6.637579572275898e-05 1352
5.6839043463735583e-05 1353
4.7302291204726066e-05 1354
4.234318003003279e-05 1355
4.1580239849320355e-05 1356
4.653935102399975e-05 1357
4.119876975897108e-05 1358
5.226140237941934e-05 1359
5.111699210834375e-05 1360
5.493169301194756e-05 1361
4.6157880933650475e-05 1362
3.7002598764990235e-05 1363
4.348759030112226e-05 1364
3.5858188493914644e-05 1365
4.463200057221173e-05 1366
3.318789786137255e-05 1367
3.318789786137255e-05 1368
4.997258183725428e-05 1369
5.493169301193368e-05 1370
6.980902653601351e-05 1371
6.256109481916905e-05 1372
4.768376129508922e-05 1373
5.378728274085809e-05 1374
5.5313163102310714e-05 1375
3.509524831318833e-05 1376
5.4168752831221245e-05 1377
5.3024342560131776e-05 1378
4.882817156616481e-05 1379
4.768376129508922e-05 1380
4.7302291204739944e-05 1381
4.4250530481834693e-05 1382
4.005435948788161e-05 1383
4.882817156617869e-05 1384
3.509524831318833e-05 1385
4.7302291204726066e-05 1386
5.149846219869303e-05 1387
5.45502229215844e-05 1388
4.425053048184857e-05 1389
4.692082111436291e-05 1390
5.035405192761744e-05 1391
6.370550509024464e-05 1392
6.217962472879202e-05 1393
6.217962472879202e-05 1394
4.0435829578244764e-05 1395
4.61578809336366e-05 1396
4.539494075292416e-05 1397
6.446844527095708e-05 1398
5.7601983644461896e-05 1399
4.463200057219785e-05 1400
6.027227427699011e-05 1401
4.1580239849320355e-05 1402
5.111699210834375e-05 1403
3.662112867464096e-05 1404
6.561285554204654e-05 1405
4.463200057221173e-05 1406
5.0735522017980594e-05 1407
4.11987697589572e-05 1408
6.294256490951833e-05 1409
4.920964165652797e-05 1410
5.111699210832987e-05 1411
5.950933409627768e-05 1412
3.8147009036065826e-05 1413
4.005435948786773e-05 1414
4.692082111436291e-05 1415
5.111699210832987e-05 1416
5.493169301194756e-05 1417
4.806523138545238e-05 1418
5.493169301194756e-05 1419
4.7302291204739944e-05 1420
3.7002598764990235e-05 1421
1.9836444698759226e-05 1422
4.577641084328732e-05 1423
4.310612021077298e-05 1424
4.692082111436291e-05 1425
5.8746393915551365e-05 1426
5.340581265049493e-05 1427
4.920964165652797e-05 1428
6.217962472879202e-05 1429
4.539494075292416e-05 1430
4.80652313854385e-05 1431
4.158023984930648e-05 1432
5.111699210834375e-05 1433
5.5313163102310714e-05 1434
4.768376129508922e-05 1435
6.256109481916905e-05 1436
4.081729966860792e-05 1437
4.005435948788161e-05 1438
4.997258183725428e-05 1439
3.9291419307155295e-05 1440
4.8446701475815535e-05 1441
6.866461626492404e-05 1442
7.247931716852785e-05 1443
6.713873590349917e-05 1444
5.683904346374946e-05 1445
6.866461626492404e-05 1446
7.057196671672594e-05 1447
7.057196671672594e-05 1448
7.629401807214553e-05 1449
7.514960780105606e-05 1450
7.858283861431059e-05 1451
4.11987697589572e-05 1452
7.705695825285797e-05 1453
6.942755644565035e-05 1454
6.828314617457476e-05 1455
8.010871897574934e-05 1456
8.392341987935314e-05 1457
7.057196671673982e-05 1458
3.4713778222825176e-05 1459
5.722051355411262e-05 1460
5.378728274087197e-05 1461
7.93457787950369e-05 1462
7.438666762034363e-05 1463
5.9890804186626956e-05 1464
6.484991536132023e-05 1465
7.629401807214553e-05 1466
7.476813771070678e-05 1467
4.920964165652797e-05 1468
6.141668454807958e-05 1469
6.256109481916905e-05 1470
7.171637698781541e-05 1471
7.476813771070678e-05 1472
7.095343680710298e-05 1473
6.675726581313601e-05 1474
6.90460863552872e-05 1475
6.90460863552872e-05 1476
6.942755644566423e-05 1477
6.103521445771642e-05 1478
6.942755644566423e-05 1479
3.9291419307155295e-05 1480
6.713873590348529e-05 1481
8.392341987935314e-05 1482
7.09534368070891e-05 1483
7.057196671673982e-05 1484
7.057196671673982e-05 1485
7.057196671673982e-05 1486
5.607610328302315e-05 1487
4.806523138545238e-05 1488
5.035405192761744e-05 1489
6.370550509024464e-05 1490
6.065374436735327e-05 1491
6.408697518059392e-05 1492
6.217962472879202e-05 1493
7.629401807214553e-05 1494
6.21796247288059e-05 1495
6.637579572277286e-05 1496
6.90460863552872e-05 1497
7.171637698781541e-05 1498
7.896430870467375e-05 1499
6.065374436735327e-05 1500
6.065374436735327e-05 1501
7.209784707817857e-05 1502
7.209784707817857e-05 1503
6.79016760842116e-05 1504
7.667548816250869e-05 1505
7.209784707817857e-05 1506
7.247931716852785e-05 1507
6.484991536132023e-05 1508
5.912786400591452e-05 1509
7.934577879502303e-05 1510
7.095343680710298e-05 1511
8.04901890661125e-05 1512
6.980902653599963e-05 1513
6.332403499988148e-05 1514
6.332403499988148e-05 1515
6.561285554204654e-05 1516
7.476813771070678e-05 1517
7.438666762034363e-05 1518
5.6457573373386305e-05 1519
8.430488996973018e-05 1520
8.12531292468388e-05 1521
8.163459933720196e-05 1522
7.209784707817857e-05 1523
7.820136852394743e-05 1524
7.820136852394743e-05 1525
7.019049662637666e-05 1526
0.0001235963092768716 1527
0.0001235963092768716 1528
7.286078725890488e-05 1529
7.209784707817857e-05 1530
8.850106096369714e-05 1531
6.904608635530107e-05 1532
7.362372743961731e-05 1533
7.705695825287184e-05 1534
0.00013961805307202702 1535
0.00013961805307202702 1536
0.00012397777936723475 1537
0.0001312257110840931 1538
0.0001312257110840931 1539
0.0001312257110840931 1540
7.591254798178237e-05 1541
6.828314617457476e-05 1542
8.010871897574934e-05 1543
6.942755644565035e-05 1544
6.141668454807958e-05 1545
5.8746393915551365e-05 1546
5.8746393915551365e-05 1547
7.247931716854172e-05 1548
6.179815463844274e-05 1549
6.980902653601351e-05 1550
7.705695825285797e-05 1551
7.514960780105606e-05 1552
6.828314617457476e-05 1553
7.133490689745225e-05 1554
6.904608635530107e-05 1555
5.5313163102310714e-05 1556
6.866461626492404e-05 1557
8.201606942755124e-05 1558
9.117135159621148e-05 1559
7.629401807214553e-05 1560
6.866461626492404e-05 1561
8.316047969862683e-05 1562
7.858283861429671e-05 1563
4.9591111746891126e-05 1564
6.370550509024464e-05 1565
6.370550509024464e-05 1566
6.141668454807958e-05 1567
4.6157880933650475e-05 1568
5.149846219869303e-05 1569
5.149846219869303e-05 1570
5.340581265049493e-05 1571
4.8446701475815535e-05 1572
5.569463319267387e-05 1573
5.26428724697825e-05 1574
4.7302291204739944e-05 1575
3.547671840355149e-05 1576
3.852847912644286e-05 1577
3.776553894571655e-05 1578
3.852847912644286e-05 1579
4.5013470662561006e-05 1580
4.5013470662561006e-05 1581
4.920964165654185e-05 1582
3.585818849390077e-05 1583
4.463200057221173e-05 1584
3.433230813246202e-05 1585
3.967288939751845e-05 1586
4.6157880933650475e-05 1587
4.081729966860792e-05 1588
4.081729966860792e-05 1589
4.997258183726816e-05 1590
6.484991536133411e-05 1591
4.6157880933650475e-05 1592
4.577641084328732e-05 1593
5.1879932289056185e-05 1594
6.141668454807958e-05 1595
5.683904346374946e-05 1596
4.9591111746905e-05 1597
4.1961709939669634e-05 1598
3.62396585842778e-05 1599
5.798345373483893e-05 1600
4.76837612951031e-05 1601
4.920964165652797e-05 1602
4.3869060391485415e-05 1603
4.9591111746891126e-05 1604
5.26428724697825e-05 1605
3.890994921680602e-05 1606
5.607610328302315e-05 1607
5.4168752831221245e-05 1608
3.776553894570267e-05 1609
4.0435829578244764e-05 1610
5.378728274085809e-05 1611
4.768376129508922e-05 1612
3.662112867464096e-05 1613
5.226140237941934e-05 1614
6.027227427700399e-05 1615
3.9291419307155295e-05 1616
4.997258183725428e-05 1617
5.6839043463735583e-05 1618
6.713873590348529e-05 1619
4.806523138545238e-05 1620
3.5858188493914644e-05 1621
5.340581265050881e-05 1622
4.11987697589572e-05 1623
4.653935102401363e-05 1624
5.035405192761744e-05 1625
4.768376129508922e-05 1626
4.768376129508922e-05 1627
5.226140237941934e-05 1628
4.997258183725428e-05 1629
4.997258183725428e-05 1630
4.9591111746891126e-05 1631
4.2724650120395946e-05 1632
5.378728274085809e-05 1633
5.035405192761744e-05 1634
4.7302291204739944e-05 1635
4.2724650120409824e-05 1636
4.577641084328732e-05 1637
4.3869060391485415e-05 1638
4.3869060391485415e-05 1639
4.3869060391485415e-05 1640
4.3869060391485415e-05 1641
3.280642777102327e-05 1642
4.3869060391485415e-05 1643
5.111699210834375e-05 1644
5.111699210834375e-05 1645
7.324225734926804e-05 1646
7.553107789141922e-05 1647
5.6839043463735583e-05 1648
5.3024342560131776e-05 1649
