0.00014419569415635713 0
0.00019073504518037077 1
0.0001541139165057437 2
0.0001483918651503241 3
0.00015373244641536665 4
0.00017204301075268713 5
0.00018920916481891814 6
0.00018539446391531433 7
0.00015258803614429106 8
0.0001235963092768716 9
0.00015640273704789487 10
0.0001800538826502579 11
0.0001743318312948522 12
0.00021171590015020558 13
0.00020980854969840368 14
0.00017776506210809284 15
0.00016136184822258814 16
0.0001407624633431026 17
0.00016975419021052207 18
0.00015945449777077236 19
0.00019569415635505016 20
0.00016822830984908332 21
0.00018615740409604065 22
0.00016822830984908332 23
0.00015640273704789487 24
0.00017204301075268713 25
0.00017204301075268713 26
0.00012893689054192803 27
0.00016937272012015891 28
0.00016593948930691826 29
0.000105285744939565 30
0.00013084424099372993 31
0.00015487685668645612 32
0.00018615740409604065 33
0.00016632095939728142 34
0.00017814653219846988 35
0.00017395036120448903 36
0.00018043535274062106 37
0.00015258803614429106 38
0.00018348711346351243 39
0.00013809217271058827 40
0.00016822830984908332 41
0.00017662065183701725 42
0.00017738359201774356 43
0.0001789094723791823 44
0.00013961805307202702 45
0.00018425005364423874 46
0.00020332355816227166 47
0.00016593948930691826 48
0.00017776506210810672 49
0.00017356889111412588 50
0.0001300813008130175 51
0.00014762892496961166 52
0.000167465369668357 53
0.00014495863433706957 54
0.00019950885725865397 55
0.00019950885725865397 56
0.00016822830984906945 57
0.0001293183606322773 58
0.00018425005364422486 59
0.00015678420713825802 60
0.00015831008749969677 61
0.00017852800228881915 62
0.00017204301075268713 63
0.00018997210499964445 64
0.0002029420880719085 65
0.00022392294304174332 66
0.00016899125002979576 67
0.00013351453162625815 68
0.00013961805307202702 69
0.0001945497460839607 70
0.00015068068569248916 71
0.00016517654912619195 72
0.00019798297689721522 73
0.00019836444698757838 74
0.00021209737024056874 75
0.000133133061535895 76
0.0001628877285840269 77
0.00019187945545144636 78
0.00017051713039124838 79
0.00015182509596357863 80
0.0001857759340056775 81
0.00017395036120448903 82
0.0001560212669575456 83
0.00012855542045156487 84
0.00010147104403596119 85
0.00015640273704789487 86
0.00014953627542141357 87
0.00018348711346351243 88
0.00018882769472856886 89
0.00014572157451779588 90
0.00017471330138521535 91
0.00018081682283098421 92
0.000150299215602126 93
0.00010604868512027743 94
0.0001750947714755785 95
0.00019378680590324826 96
0.00021362325060200749 97
0.0001914979853610832 98
0.0001636506687647532 99
0.00014801039505996094 100
0.00021972677204777635 101
0.00019874591707792766 102
0.00012130748873470654 103
0.00017356889111412588 104
0.00016899125002979576 105
0.0001884462246382057 106
0.00017204301075268713 107
0.00018501299382495118 108
0.00015144362587321547 109
0.00015144362587321547 110
0.0001743318312948522 111
0.0001789094723791823 112
0.0001731874210237766 113
0.00010375986457812625 114
0.00014915480533103653 115
0.00015106215578285231 116
0.00010833750566245637 117
0.00017395036120448903 118
0.00018997210499964445 119
0.00020751972915623862 120
0.0001903535750900076 121
0.00021209737024056874 122
0.0001522065660539279 123
0.00011825572801182904 124
0.00016784683975872017 125
0.0002029420880719085 126
0.0001750947714755785 127
0.0001750947714755785 128
0.0002143861907827338 129
0.00017547624156592778 130
0.0001770021219273804 131
0.00015182509596356475 132
0.00020599384879479987 133
0.00016708389957799386 134
0.0001762391817466541 135
0.0001541139165057298 136
0.00018920916481893202 137
0.00018920916481893202 138
0.00015449538659609297 139
0.00017471330138521535 140
0.00015563979686718243 141
0.00015907302768042308 142
0.00019607562644541332 143
0.0001972200367164889 144
0.00018119829292134737 145
0.00015907302768042308 146
0.0001667024294876307 147
0.0001895906349092813 148
0.0001895906349092813 149
0.00016632095939728142 150
0.00017662065183701725 151
0.00015487685668645612 152
0.00017967241255990862 153
0.00020446796843336112 154
0.00018310564337314927 155
0.00017128007057196082 156
0.00015640273704789487 157
0.00018501299382496506 158
0.0001731874210237766 159
0.00015373244641536665 160
0.00018615740409604065 161
0.00018119829292134737 162
0.00015525832677681928 163
0.000160980378132225 164
0.0001750947714755785 165
0.00015258803614429106 166
0.00016784683975872017 167
0.00017166154066232397 168
0.00017166154066233785 169
0.00017814653219846988 170
0.00017623918174666797 171
0.00020523090861407356 172
0.0002220155925899553 173
0.00015869155759005993 174
0.00015831008749969677 175
0.00018425005364422486 176
0.00018043535274062106 177
0.00019111651527072004 178
0.00018425005364422486 179
0.0001560212669575317 180
0.0001914979853610832 181
0.0001426698137949184 182
0.00013275159144553184 183
0.00013275159144553184 184
0.00013465894189733374 185
0.0001712800705719747 186
0.0001762391817466541 187
0.00019989032734901713 188
0.00019989032734901713 189
0.00016136184822258814 190
0.00017089860048161154 191
0.00019569415635505016 192
0.00016403213885510248 193
0.0001514436258732016 194
0.0001522065660539279 195
0.00016860977993944648 196
0.00018501299382496506 197
0.00018615740409602677 198
0.0001907350451803569 199
0.00018539446391531433 200
0.00017623918174666797 201
0.00017356889111413976 202
0.00017852800228881915 203
0.00017585771165630482 204
0.00013961805307202702 205
0.00016593948930691826 206
0.00016441360894547952 207
0.00016136184822258814 208
0.0001464845146985222 209
0.0001945497460839607 210
0.00018768328445746552 211
0.00015373244641536665 212
0.0001800538826502579 213
0.00016593948930691826 214
0.00016708389957800773 215
0.0001731874210237766 216
0.0001522065660539279 217
0.00018234270319243684 218
0.00017280595093341344 219
0.00018348711346351243 220
0.0001846315237346019 221
0.00018997210499964445 222
0.0001686097799394326 223
0.00018882769472856886 224
0.00017089860048161154 225
0.00018348711346349855 226
0.0001876832844574794 227
0.00017814653219846988 228
0.00018157976301171053 229
0.0001895906349092813 230
0.00014801039505996094 231
0.00016784683975872017 232
0.00015640273704790875 233
0.00015831008749971065 234
0.00018501299382495118 235
0.00017395036120448903 236
0.00017509477147556463 237
0.0001934053358128851 238
0.00019531268626470089 239
0.00020256061798155922 240
0.00018196123310207368 241
0.00016517654912619195 242
0.00015678420713825802 243
0.0001186371981021922 244
0.00017128007057196082 245
0.00014610304460815904 246
0.00015563979686718243 247
0.00018730181436711624 248
0.00019874591707794154 249
0.00017814653219846988 250
0.0001598359678611494 251
0.0001724244808430364 252
0.00014610304460815904 253
0.00016403213885511636 254
0.00018310564337314927 255
0.00022583029349354522 256
0.00015525832677681928 257
0.00020637531888516303 258
0.00021019001978876684 259
0.00017395036120448903 260
0.00014228834370455523 261
0.00016632095939726754 262
0.00016021743795151255 263
0.00019226092554179564 264
0.00016326919867439005 265
0.0001792909424695316 266
0.00017700212192736653 267
0.000167465369668357 268
0.00015716567722862118 269
0.00017128007057196082 270
0.0001770021219273804 271
0.00018081682283098421 272
0.00018348711346351243 273
0.00018348711346351243 274
0.0001426698137949045 275
0.0001724244808430503 276
0.0001811982929213335 277
0.0001724244808430364 278
0.00015792861740933362 279
0.00017852800228881915 280
0.00017585771165630482 281
0.0001895906349092813 282
0.00017662065183701725 283
0.0002067567889755123 284
0.00018234270319242296 285
0.00017623918174666797 286
0.00017051713039124838 287
0.00017013566030088523 288
0.00012588512981903666 289
0.00015869155759005993 290
0.00017318742102376272 291
0.000178146532198456 292
0.00018539446391531433 293
0.00018539446391531433 294
0.00019111651527072004 295
0.00018463152373458802 296
0.0001750947714755785 297
0.00015754714731898434 298
0.0001560212669575317 299
0.00011024485611425827 300
0.0001762391817466541 301
0.00016326919867439005 302
0.000167465369668357 303
0.0001743318312948522 304
0.0001743318312948522 305
0.0001743318312948522 306
0.000167465369668357 307
0.00019187945545144636 308
0.00019187945545144636 309
0.0001262665999093998 310
0.00018310564337314927 311
0.00018310564337314927 312
0.0001560212669575317 313
0.0001770021219273804 314
0.0001972200367165028 315
0.00018119829292134737 316
0.00015754714731897046 317
0.00015106215578283844 318
0.00018730181436711624 319
0.00014686598478887147 320
0.00018615740409604065 321
0.00018615740409604065 322
0.00016212478840331446 323
0.0001243592494575979 324
0.00016212478840331446 325
0.00022163412249957826 326
0.000100708103855221 327
0.0001369477624394988 328
0.00015945449777078624 329
0.00017814653219846988 330
0.0001491548053310504 331
0.00018348711346351243 332
0.00018348711346351243 333
0.00011711131774073957 334
0.0001819612331020598 335
0.00016937272012015891 336
0.00016708389957800773 337
0.00018119829292134737 338
0.00019760150680685207 339
0.00017089860048161154 340
0.00017089860048161154 341
0.0001907350451803569 342
0.00014762892496959779 343
0.00016593948930691826 344
0.0001312257110840931 345
0.0001972200367165028 346
0.00019493121617433773 347
0.0001712800705719747 348
0.0001605989080418757 349
0.00017013566030088523 350
0.00017013566030088523 351
0.00018043535274062106 352
0.0001731874210237766 353
0.00015449538659609297 354
0.00013542188207806005 355
0.0001491548053310504 356
0.00016975419021052207 357
0.00024337791765015326 358
0.00016670242948764458 359
0.00021858236177670076 360
0.00018730181436711624 361
0.00020179767780081903 362
0.00014495863433708345 363
0.00016784683975872017 364
0.00014991774551176285 365
0.00011253367665640945 366
0.00019302386572252195 367
0.00017128007057196082 368
0.00016822830984906945 369
0.0001655580192165551 370
0.00016975419021053595 371
0.00015792861740933362 372
0.00012664806999976297 373
0.00018043535274063494 374
0.00016479507903584267 375
0.000150299215602126 376
0.0001808168228309981 377
0.00021781942159598833 378
0.00020217914789119606 379
0.00016593948930691826 380
0.0001571656772286073 381
0.00017280595093339957 382
0.00015945449777078624 383
0.0001377107026202251 384
0.00017089860048159766 385
0.00018463152373458802 386
0.00016441360894547952 387
0.00017547624156594166 388
0.00019302386572253583 389
0.00017738359201774356 390
0.00017013566030088523 391
0.0001560212669575456 392
0.00014343275397563082 393
0.00012054454855398022 394
0.00016403213885511636 395
0.0001770021219273804 396
0.0001800538826502579 397
0.0001686097799394326 398
0.000167465369668357 399
0.0001617433183129513 400
0.00020561237870443672 401
0.00016784683975872017 402
0.00019073504518037077 403
0.00016784683975872017 404
0.000178146532198456 405
0.00018386858355387559 406
0.00017776506210810672 407
0.00017585771165630482 408
0.00018386858355387559 409
0.0001724244808430503 410
0.00014648451469850832 411
0.000160980378132225 412
0.0001647950790358288 413
0.0001903535750900076 414
0.00018386858355387559 415
0.00018386858355387559 416
0.00014724745487923463 417
0.00018539446391530046 418
0.0001598359678611494 419
0.00017967241255990862 420
0.00015907302768042308 421
0.00018806475454784255 422
0.00019111651527072004 423
0.0001750947714755785 424
0.00016326919867439005 425
0.00018501299382495118 426
0.0001934053358128851 427
0.00021019001978875296 428
0.0001091004458431688 429
0.00017547624156594166 430
0.00018997210499964445 431
0.00015258803614429106 432
0.0001934053358128851 433
0.0002319338149393141 434
0.0001972200367164889 435
0.00018081682283098421 436
0.00018119829292134737 437
0.00015754714731898434 438
0.00010223398421667362 439
0.00017051713039124838 440
0.00017738359201774356 441
0.00017128007057196082 442
0.00017051713039124838 443
0.0001770021219273804 444
0.00016479507903584267 445
0.0001770021219273804 446
0.00015258803614429106 447
0.00017395036120448903 448
0.00016708389957799386 449
0.00016288772858404077 450
0.0001914979853610832 451
0.00017395036120448903 452
0.00016708389957799386 453
0.00019302386572253583 454
0.0002151491309634601 455
0.00019416827599361142 456
0.0001445771642467203 457
0.0001655580192165551 458
0.00017318742102376272 459
0.00012207042891543285 460
0.00016479507903584267 461
0.0001865388741864038 462
0.00016517654912619195 463
0.00016899125002980964 464
0.00015945449777078624 465
0.00017356889111412588 466
0.00016822830984908332 467
0.00016136184822258814 468
0.00014419569415634326 469
0.00014419569415634326 470
0.00016365066876473933 471
0.00018157976301171053 472
0.00019874591707794154 473
0.0001636506687647532 474
0.00017852800228881915 475
0.00016708389957800773 476
0.00015563979686718243 477
0.00011940013828290463 478
0.00015563979686718243 479
0.00014801039505996094 480
0.00017318742102376272 481
0.00016212478840331446 482
0.00018119829292134737 483
0.0001770021219273804 484
0.00017089860048161154 485
0.00018501299382495118 486
0.00017776506210809284 487
0.00015487685668645612 488
0.00014572157451779588 489
0.00016326919867439005 490
0.000167465369668357 491
0.0001686097799394326 492
0.000172043010752701 493
0.00017852800228883303 494
0.00016212478840331446 495
0.00016059890804186183 496
0.00017166154066232397 497
0.00015487685668645612 498
9.88007534034191e-05 499
0.0001686097799394326 500
0.0001655580192165551 501
0.00016441360894546564 502
0.00017967241255989475 503
0.00017585771165629094 504
0.00015678420713825802 505
0.00015678420713825802 506
0.0001808168228309981 507
0.00015296950623465422 508
0.00017776506210810672 509
0.0001300813008130175 510
0.00018157976301171053 511
0.00019378680590324826 512
0.0001884462246382057 513
0.0001750947714755785 514
0.0002037050282526348 515
0.00017623918174666797 516
0.00016403213885510248 517
0.00016517654912619195 518
0.0001724244808430503 519
0.00016441360894546564 520
0.00016441360894546564 521
0.00015716567722862118 522
0.00018425005364422486 523
0.0001770021219273804 524
0.0001857759340056775 525
0.00018119829292134737 526
0.00017166154066232397 527
0.000178146532198456 528
0.00015068068569247528 529
0.00015068068569247528 530
0.00017852800228881915 531
0.0001705171303912345 532
0.00019569415635505016 533
0.00019569415635505016 534
0.00017356889111412588 535
0.00018348711346351243 536
0.0001884462246382057 537
0.00017738359201774356 538
0.0001655580192165551 539
0.00017356889111413976 540
0.00017547624156594166 541
0.00017547624156594166 542
0.0001636506687647532 543
0.0001876832844574794 544
0.0001876832844574794 545
0.0001857759340056775 546
0.0001770021219273804 547
0.00015754714731898434 548
0.00015449538659609297 549
0.00017395036120448903 550
0.0001903535750900076 551
0.00016403213885511636 552
0.00016326919867439005 553
0.00017280595093341344 554
0.00018920916481891814 555
0.00018119829292134737 556
0.0001800538826502579 557
0.0001552583267768054 558
0.00014686598478888535 559
0.00017395036120448903 560
0.0001789094723791823 561
0.00018501299382495118 562
0.00015563979686716856 563
0.00019607562644541332 564
0.00019950885725865397 565
0.00015754714731898434 566
0.00017089860048161154 567
0.0001693727201201728 568
0.0001903535750900076 569
0.00016632095939728142 570
0.0001762391817466541 571
0.0001686097799394326 572
0.00016593948930690439 573
0.0001800538826502579 574
0.00016860977993944648 575
0.00015716567722862118 576
0.00015716567722862118 577
0.00021438619078271992 578
0.00018882769472855498 579
0.00018196123310207368 580
0.00018196123310207368 581
0.00017852800228881915 582
0.0001922609255418095 583
0.0001914979853610832 584
0.00017585771165629094 585
0.00016784683975872017 586
0.0001312257110840931 587
0.0001617433183129513 588
0.00018386858355387559 589
0.0001770021219273804 590
0.00018157976301169665 591
0.00018157976301169665 592
0.0001636506687647532 593
0.0001312257110840931 594
0.0001724244808430503 595
0.0001724244808430503 596
0.000150299215602126 597
0.0001762391817466541 598
0.0001762391817466541 599
0.00017738359201774356 600
0.0001724244808430503 601
0.00018081682283098421 602
0.00018081682283098421 603
0.000167465369668357 604
0.00017395036120448903 605
0.00016632095939728142 606
0.00016860977993944648 607
0.000178146532198456 608
0.00020523090861405968 609
0.00018882769472855498 610
0.00017051713039124838 611
0.00016021743795151255 612
0.00017776506210809284 613
0.00016212478840330058 614
0.0001495362754213997 615
0.00015831008749969677 616
0.0001655580192165551 617
0.0001655580192165551 618
0.00013847364280093755 619
0.00016517654912620583 620
0.0001674653696683709 621
0.00017166154066233785 622
0.00017738359201774356 623
0.00013160718117444237 624
0.0001541139165057298 625
0.0001705171303912345 626
0.00014648451469850832 627
0.0001895906349092813 628
0.0001895906349092813 629
0.0001560212669575317 630
0.00017318742102376272 631
0.0001598359678611494 632
0.00011215220656606018 633
0.00017013566030088523 634
0.00017318742102376272 635
0.0001552583267768054 636
0.0001598359678611494 637
0.00017852800228881915 638
0.0001560212669575317 639
0.00017128007057196082 640
0.0001617433183129513 641
0.00017776506210810672 642
0.00016021743795151255 643
0.00017280595093341344 644
0.00015716567722862118 645
0.00017280595093341344 646
0.0001350404119876969 647
0.00017013566030088523 648
0.000178146532198456 649
0.000178146532198456 650
0.00015640273704789487 651
0.00015525832677681928 652
0.00019302386572253583 653
0.00012283336909615916 654
0.00016670242948764458 655
0.0001445771642467064 656
0.00017051713039124838 657
0.00018157976301171053 658
0.00018157976301171053 659
0.00015754714731898434 660
0.0001491548053310504 661
0.00015373244641536665 662
0.00017166154066232397 663
0.0001972200367165028 664
0.00016632095939728142 665
0.0001483918651503241 666
0.00016784683975872017 667
0.0001541139165057298 668
0.00015754714731898434 669
0.0001617433183129513 670
0.000160980378132225 671
0.00014305128388528154 672
0.0001262665999093998 673
0.00016212478840330058 674
0.00015678420713825802 675
0.00010185251412631047 676
0.00018692034427676696 677
0.00014152540352382892 678
0.00016937272012015891 679
0.00016517654912619195 680
0.000167465369668357 681
0.00015373244641538053 682
0.00015754714731898434 683
0.00016059890804186183 684
0.00016937272012015891 685
0.0001655580192165551 686
0.00016326919867439005 687
0.00016593948930691826 688
0.00014419569415635713 689
0.00018920916481893202 690
0.00018920916481893202 691
0.00016326919867439005 692
0.00010490427484920184 693
0.00014991774551176285 694
0.00015869155759005993 695
0.00016098037813223887 696
0.00015296950623465422 697
0.0001705171303912345 698
0.0001705171303912345 699
0.00015144362587321547 700
0.00014152540352382892 701
0.0001617433183129513 702
0.00014190687361419208 703
0.0001552583267768054 704
0.00015907302768042308 705
0.00017509477147556463 706
0.00017395036120448903 707
0.00017356889111412588 708
0.00016708389957799386 709
0.00015296950623464034 710
0.00016822830984908332 711
0.000150299215602126 712
0.00016517654912620583 713
0.000133133061535895 714
0.0001377107026202251 715
0.00015716567722862118 716
0.0001731874210237766 717
0.00019645709653577648 718
0.00017013566030088523 719
0.00015525832677681928 720
0.00016136184822258814 721
0.00016021743795149868 722
0.0001560212669575317 723
0.0001647950790358288 724
0.00016136184822258814 725
0.0001399995231623763 726
0.00014991774551176285 727
0.0001743318312948522 728
0.00018119829292134737 729
0.00018272417328278612 730
0.00017967241255989475 731
0.0001350404119876969 732
0.00016784683975872017 733
0.0001560212669575317 734
0.00016632095939726754 735
0.00018119829292134737 736
0.00018119829292134737 737
0.00016021743795151255 738
0.0001586915575900738 739
0.00016326919867439005 740
0.0001598359678611494 741
0.0001358033521684232 742
0.0001472474548792485 743
0.00015907302768042308 744
0.00015258803614429106 745
0.00019416827599361142 746
0.00018730181436711624 747
0.00017852800228881915 748
0.00016021743795149868 749
0.00014419569415635713 750
0.00016403213885510248 751
0.00016403213885510248 752
0.0001655580192165551 753
0.00017013566030088523 754
0.0001647950790358288 755
0.00015258803614429106 756
0.00015106215578283844 757
0.0001407624633431026 758
0.0001483918651503241 759
9.536752259019232e-05 760
0.00016250625849366374 761
0.00017013566030088523 762
0.00016441360894546564 763
0.00016975419021052207 764
0.00016975419021052207 765
0.00016250625849366374 766
0.0001647950790358288 767
0.00015640273704789487 768
0.00016708389957799386 769
0.00015487685668645612 770
0.00018692034427675308 771
0.00017128007057196082 772
0.00015563979686716856 773
0.00014877333524068725 774
0.00015487685668645612 775
0.000167465369668357 776
0.00010948191593351808 777
0.0001358033521684232 778
0.00016975419021052207 779
0.0001579286174093475 780
0.00014038099325275333 781
0.00018234270319243684 782
0.00018615740409604065 783
0.00010833750566244249 784
0.0001495362754213997 785
0.00018157976301169665 786
0.00016479507903584267 787
0.00016479507903584267 788
0.00016479507903584267 789
0.00015869155759005993 790
0.00017051713039124838 791
0.00017089860048161154 792
0.00015449538659609297 793
0.000160980378132225 794
0.00015525832677681928 795
0.00018501299382495118 796
0.00016021743795149868 797
0.00015754714731898434 798
0.00015487685668645612 799
0.0001560212669575456 800
0.00016670242948764458 801
0.00013427747180698446 802
0.00014228834370455523 803
0.0001560212669575317 804
0.00017280595093341344 805
0.00018653887418638992 806
0.00018653887418638992 807
0.00016212478840330058 808
0.00016136184822258814 809
0.00015754714731897046 810
0.000167465369668357 811
0.00015640273704789487 812
0.00017318742102376272 813
0.00017204301075268713 814
0.00015563979686716856 815
0.0001636506687647532 816
0.0001560212669575456 817
0.00014762892496959779 818
0.00014839186515031022 819
0.00016860977993944648 820
0.00015449538659609297 821
0.00013237012135518256 822
0.00016479507903584267 823
0.00018730181436711624 824
0.00018272417328278612 825
0.0001552583267768054 826
0.00017509477147556463 827
0.00018081682283098421 828
0.00013999952316239017 829
0.00015831008749969677 830
0.0001625062584936776 831
0.00016059890804186183 832
0.0001636506687647532 833
0.00019264239563217267 834
0.00021400472069237064 835
0.0001903535750900076 836
0.00016250625849366374 837
0.00018119829292134737 838
0.00018119829292134737 839
9.498605249982917e-05 840
0.0001876832844574794 841
0.00017547624156592778 842
0.0001750947714755785 843
0.00018653887418638992 844
0.00015831008749969677 845
0.0001617433183129513 846
0.00012359630927688547 847
0.00016288772858404077 848
0.00015106215578285231 849
0.00017089860048159766 850
0.00015754714731897046 851
0.00018539446391531433 852
0.00015373244641536665 853
0.00015869155759005993 854
0.00014152540352382892 855
0.00016250625849366374 856
0.00016021743795149868 857
0.00011901866819254148 858
0.00015487685668645612 859
0.00015296950623464034 860
0.00014495863433708345 861
0.00014801039505996094 862
0.00014801039505996094 863
0.00016326919867439005 864
0.00011978160837326779 865
0.00015068068569248916 866
0.00014534010442743273 867
0.0001399995231623763 868
0.0001819612331020598 869
0.00016479507903584267 870
0.00016479507903584267 871
0.00016708389957799386 872
0.00016098037813223887 873
0.00016784683975872017 874
0.00016670242948764458 875
0.00015296950623465422 876
0.0001686097799394326 877
0.00014953627542141357 878
0.00016403213885510248 879
0.00016708389957799386 880
0.0001770021219273804 881
0.00015678420713825802 882
0.00015525832677681928 883
0.00015525832677681928 884
8.964547123477273e-05 885
0.00016593948930691826 886
0.00015678420713825802 887
0.00015106215578283844 888
0.0001522065660539279 889
0.0001686097799394326 890
0.000167465369668357 891
0.000133133061535895 892
0.00016593948930691826 893
0.00015869155759005993 894
0.00013618482225878636 895
0.00017318742102376272 896
0.00017356889111413976 897
0.00018386858355387559 898
0.0001762391817466541 899
0.00014991774551176285 900
0.00016975419021052207 901
0.00014877333524068725 902
0.0001235963092768716 903
0.0001426698137949184 904
0.00016937272012015891 905
0.00016860977993944648 906
0.000160980378132225 907
0.00018157976301171053 908
0.00018157976301171053 909
0.0001598359678611494 910
0.00016784683975872017 911
0.00017547624156594166 912
0.00016403213885511636 913
0.00016937272012015891 914
0.00015068068569248916 915
0.00019340533581289898 916
0.00014953627542141357 917
0.00015907302768042308 918
0.00016517654912620583 919
0.0001655580192165551 920
0.000122451899005796 921
0.0001598359678611494 922
0.00016212478840331446 923
0.00014495863433706957 924
0.000178146532198456 925
0.00017662065183701725 926
0.0001724244808430503 927
0.00017318742102376272 928
0.00015831008749971065 929
0.00014228834370455523 930
0.00012283336909615916 931
0.00016441360894547952 932
0.00015678420713825802 933
0.00017356889111412588 934
0.00017776506210809284 935
0.00013198865126480552 936
0.00017509477147556463 937
0.00017089860048161154 938
0.0001686097799394326 939
0.00016593948930691826 940
0.0001705171303912345 941
0.00015563979686716856 942
0.00015144362587321547 943
0.0001693727201201728 944
0.0001693727201201728 945
0.00015678420713825802 946
0.00015525832677681928 947
0.00013160718117444237 948
0.00010299692439739994 949
0.00016326919867439005 950
0.00016326919867439005 951
0.000133133061535895 952
0.00017128007057196082 953
0.00019950885725865397 954
0.00017395036120448903 955
0.0001724244808430503 956
0.00017547624156594166 957
0.0001625062584936776 958
0.00015640273704789487 959
0.00015754714731898434 960
0.00017166154066232397 961
0.00017166154066232397 962
0.00016517654912619195 963
0.00016784683975872017 964
0.00016822830984908332 965
0.00010566721502992815 966
0.00014305128388526767 967
0.00016136184822258814 968
0.000160980378132225 969
0.00017166154066232397 970
0.00018119829292134737 971
0.00018234270319243684 972
0.00017471330138521535 973
0.0001617433183129513 974
0.00015335097632501737 975
0.00016670242948764458 976
0.00016632095939728142 977
0.0001792909424695316 978
0.0001792909424695316 979
0.00015563979686718243 980
0.00015449538659609297 981
0.00014686598478888535 982
0.0001636506687647532 983
0.00012588512981905053 984
0.0001388551128913007 985
0.00018463152373458802 986
0.00015640273704789487 987
0.00011711131774073957 988
0.0001571656772286073 989
0.00014038099325273945 990
0.00016212478840331446 991
0.00016136184822258814 992
0.0001655580192165551 993
0.00012779248027083856 994
0.0001617433183129513 995
0.00016403213885511636 996
0.00016059890804186183 997
0.00015945449777077236 998
0.00015678420713825802 999
0.0001636506687647532 1000
0.0001426698137949184 1001
0.00015678420713825802 1002
0.00014152540352382892 1003
0.00015449538659609297 1004
0.00014610304460815904 1005
0.00016250625849366374 1006
0.00016250625849366374 1007
0.00016517654912619195 1008
0.00015678420713825802 1009
0.00015792861740933362 1010
0.00013961805307202702 1011
0.00011367808692749892 1012
0.0001731874210237766 1013
0.00016822830984908332 1014
0.00018043535274062106 1015
0.00015907302768042308 1016
0.00017318742102376272 1017
0.00016937272012015891 1018
0.00014419569415635713 1019
0.0001617433183129513 1020
0.00016784683975872017 1021
0.00015487685668645612 1022
0.00013999952316239017 1023
0.00017128007057196082 1024
0.00015716567722862118 1025
0.00017204301075268713 1026
0.00017738359201774356 1027
0.00018043535274062106 1028
0.00016021743795149868 1029
0.00014305128388526767 1030
0.00016708389957800773 1031
0.00016136184822258814 1032
0.00010604868512027743 1033
0.0001533509763250035 1034
0.000178146532198456 1035
0.0001667024294876307 1036
0.00016937272012015891 1037
0.00017967241255990862 1038
0.0001743318312948522 1039
0.00015983596786113552 1040
0.0001235963092768716 1041
0.00015296950623465422 1042
0.00018157976301171053 1043
0.00013809217271058827 1044
0.0001560212669575317 1045
0.00017128007057196082 1046
0.00015563979686718243 1047
0.00017662065183701725 1048
0.00017662065183701725 1049
0.00016250625849366374 1050
0.00013809217271058827 1051
0.00014610304460815904 1052
0.00016326919867439005 1053
0.00011863719810217832 1054
0.00017585771165629094 1055
0.000178146532198456 1056
0.00016937272012015891 1057
0.0001750947714755785 1058
0.0001495362754213997 1059
0.00016822830984908332 1060
0.00016822830984908332 1061
0.00017166154066233785 1062
0.0001724244808430503 1063
0.00016860977993944648 1064
0.00016441360894547952 1065
0.00018730181436711624 1066
0.00018920916481891814 1067
0.00016326919867439005 1068
0.0001647950790358288 1069
0.0001586915575900738 1070
0.00017166154066233785 1071
0.00013084424099372993 1072
0.00017395036120448903 1073
0.00016708389957799386 1074
0.00016021743795149868 1075
0.00017547624156592778 1076
0.00019111651527072004 1077
0.00016098037813223887 1078
0.00016098037813223887 1079
0.0001724244808430503 1080
0.000150299215602126 1081
0.00015106215578285231 1082
0.00016822830984908332 1083
0.00018310564337314927 1084
0.00016136184822258814 1085
0.00015563979686718243 1086
0.00018157976301171053 1087
0.00014190687361419208 1088
0.00010375986457811237 1089
0.00017089860048161154 1090
0.00017089860048161154 1091
0.0001552583267768054 1092
0.00016212478840330058 1093
0.0001762391817466541 1094
0.0001491548053310504 1095
0.00011405955701786208 1096
0.00017013566030088523 1097
0.00018310564337314927 1098
0.00016860977993944648 1099
0.00017280595093341344 1100
0.00017395036120448903 1101
0.00019836444698757838 1102
0.00017547624156594166 1103
0.0001705171303912345 1104
0.0001605989080418757 1105
0.00015182509596356475 1106
0.0001388551128913007 1107
0.00017471330138520147 1108
0.00017395036120448903 1109
0.00017395036120448903 1110
0.00017471330138521535 1111
0.0001743318312948522 1112
0.00017852800228881915 1113
0.00016593948930691826 1114
0.000160980378132225 1115
0.000160980378132225 1116
0.00018272417328278612 1117
0.00017623918174666797 1118
0.00018196123310207368 1119
0.0001762391817466541 1120
0.00017471330138521535 1121
0.00017471330138521535 1122
0.00017356889111413976 1123
0.00022621176358392225 1124
0.00015220656605394178 1125
0.00014991774551176285 1126
0.00016517654912619195 1127
0.0001541139165057298 1128
0.00017089860048161154 1129
0.0001884462246382057 1130
0.00016403213885511636 1131
0.00015525832677681928 1132
0.00017547624156594166 1133
0.00014114393343346576 1134
0.00012893689054192803 1135
0.00016593948930691826 1136
0.00014953627542141357 1137
0.0001617433183129513 1138
0.00018005388265027178 1139
0.00018005388265027178 1140
0.00015754714731897046 1141
0.0001522065660539279 1142
0.0001522065660539279 1143
0.0001598359678611494 1144
0.00014915480533103653 1145
0.0001419068736141782 1146
0.00017547624156592778 1147
0.0001789094723791823 1148
0.00016212478840331446 1149
0.00018386858355387559 1150
0.00018386858355387559 1151
0.0001731874210237766 1152
0.00014991774551176285 1153
0.00015716567722862118 1154
0.00013923658298166386 1155
0.00015640273704789487 1156
0.00016403213885511636 1157
0.00015335097632501737 1158
0.00014228834370455523 1159
0.00015106215578283844 1160
0.00015525832677681928 1161
0.00015373244641536665 1162
0.00016250625849366374 1163
0.00014762892496959779 1164
0.00015640273704790875 1165
0.0001483918651503241 1166
0.00013847364280093755 1167
0.00016212478840330058 1168
0.00015831008749969677 1169
0.00015563979686718243 1170
0.00012588512981903666 1171
0.00014724745487923463 1172
0.00014152540352382892 1173
0.0001636506687647532 1174
0.00014762892496959779 1175
0.00014762892496959779 1176
0.00015907302768042308 1177
0.00013732923252986196 1178
0.00014305128388526767 1179
0.0001235963092768716 1180
0.00015449538659609297 1181
0.00014419569415635713 1182
0.00015487685668645612 1183
0.00014762892496959779 1184
0.0001522065660539279 1185
0.00014152540352382892 1186
0.00014152540352382892 1187
0.00015144362587321547 1188
0.00013198865126480552 1189
0.00015106215578283844 1190
0.00013999952316239017 1191
0.00015373244641538053 1192
0.0001522065660539279 1193
0.00014801039505996094 1194
0.00015945449777078624 1195
0.00015945449777078624 1196
0.0001541139165057298 1197
0.00010490427484920184 1198
0.0001514436258732016 1199
0.00013160718117445624 1200
0.0001491548053310504 1201
0.00015754714731898434 1202
0.00015754714731898434 1203
0.00015754714731898434 1204
0.00017013566030088523 1205
0.00018234270319242296 1206
0.0001647950790358288 1207
0.00015373244641536665 1208
0.00014724745487923463 1209
0.00017051713039124838 1210
0.00015106215578285231 1211
0.00011558543737930083 1212
0.00015563979686718243 1213
0.00016441360894547952 1214
0.00016136184822258814 1215
0.00014572157451779588 1216
0.00017166154066232397 1217
0.0001380921727105744 1218
9.002694132513589e-05 1219
0.00013427747180697058 1220
0.00016326919867439005 1221
0.00013160718117444237 1222
0.0001434327539756447 1223
0.00015373244641538053 1224
0.00015831008749969677 1225
0.0001571656772286073 1226
0.00013427747180697058 1227
0.00013427747180697058 1228
0.00015869155759005993 1229
9.803781322270666e-05 1230
0.000133133061535895 1231
0.00014228834370455523 1232
0.00014228834370455523 1233
0.00012817395036120172 1234
0.00014076246334311648 1235
0.00014228834370455523 1236
0.00015106215578285231 1237
0.00013198865126480552 1238
0.00014991774551176285 1239
0.00010986338602389512 1240
0.00014801039505997482 1241
0.00016326919867439005 1242
0.00015563979686718243 1243
0.0001445771642467203 1244
0.0001445771642467203 1245
0.0001560212669575317 1246
0.0001560212669575317 1247
0.0001522065660539279 1248
0.00014190687361419208 1249
0.00014991774551176285 1250
0.000100708103855221 1251
0.00013656629234913564 1252
0.00015068068569248916 1253
0.00015258803614429106 1254
0.00015945449777077236 1255
0.0001579286174093475 1256
0.0001579286174093475 1257
0.00010948191593353196 1258
0.00013656629234913564 1259
0.00013923658298166386 1260
0.00012016307846363095 1261
0.0001586915575900738 1262
0.0001586915575900738 1263
0.0001483918651503241 1264
0.00015449538659610684 1265
0.00014152540352382892 1266
0.00014495863433708345 1267
0.00015258803614429106 1268
0.00011520396728895155 1269
0.00015449538659609297 1270
0.00014762892496959779 1271
0.00013465894189733374 1272
0.00014915480533103653 1273
0.00014915480533103653 1274
0.00015182509596356475 1275
0.00013275159144553184 1276
0.0001514436258732016 1277
0.00012779248027083856 1278
0.00010108957394558415 1279
0.00016250625849366374 1280
0.00014724745487923463 1281
0.00014877333524068725 1282
0.00015182509596357863 1283
0.0001617433183129513 1284
0.00011940013828290463 1285
0.0001522065660539279 1286
0.000133133061535895 1287
0.00016899125002980964 1288
0.000150299215602126 1289
0.00014801039505997482 1290
0.00015373244641536665 1291
0.00015373244641536665 1292
0.00015182509596357863 1293
0.00014686598478888535 1294
0.00016136184822258814 1295
9.155282168657464e-05 1296
0.00012855542045156487 1297
0.0001464845146985222 1298
0.00013923658298166386 1299
0.00013656629234913564 1300
0.00014953627542141357 1301
0.0001522065660539279 1302
0.0001464845146985222 1303
0.0001426698137949184 1304
0.0001300813008130175 1305
0.0001361848222587725 1306
0.0001541139165057298 1307
0.00015106215578285231 1308
0.00018043535274062106 1309
0.00017356889111413976 1310
0.0001483918651503241 1311
0.0001865388741864038 1312
0.00017547624156594166 1313
0.00013275159144553184 1314
0.00014419569415635713 1315
0.00013732923252986196 1316
0.00013732923252986196 1317
0.00016021743795151255 1318
0.0001464845146985222 1319
0.00014152540352382892 1320
0.0001617433183129513 1321
0.0001350404119876969 1322
0.000133133061535895 1323
0.00011825572801182904 1324
0.00015678420713825802 1325
0.00013847364280095142 1326
0.0001312257110840931 1327
0.00014991774551177672 1328
0.0001426698137949184 1329
0.00012397777936723475 1330
0.00012168895882506969 1331
0.00013732923252986196 1332
0.00013542188207806005 1333
0.00015907302768042308 1334
9.002694132512201e-05 1335
0.0001598359678611494 1336
0.00016441360894547952 1337
0.0001369477624394988 1338
0.00016403213885511636 1339
0.00016403213885511636 1340
0.00014762892496959779 1341
0.00011367808692749892 1342
0.00015563979686718243 1343
0.0001533509763250035 1344
0.00015640273704789487 1345
0.00015640273704789487 1346
0.00013847364280095142 1347
0.0001159669074696501 1348
0.00014648451469850832 1349
0.00015373244641536665 1350
0.00014305128388526767 1351
0.00014762892496959779 1352
0.00013961805307202702 1353
0.000150299215602126 1354
0.00015525832677681928 1355
0.00014877333524068725 1356
0.00016212478840331446 1357
0.00015831008749971065 1358
0.00014686598478888535 1359
0.00015068068569248916 1360
0.00015525832677681928 1361
0.0001262665999093998 1362
0.00011177073647568314 1363
0.00013732923252986196 1364
0.0001426698137949184 1365
0.00014076246334311648 1366
0.00014419569415635713 1367
0.00014534010442743273 1368
0.0001262665999093998 1369
0.00015487685668645612 1370
0.00011978160837326779 1371
0.00014038099325275333 1372
0.00014152540352382892 1373
0.000133133061535895 1374
0.0001434327539756447 1375
0.00014877333524068725 1376
0.00014305128388526767 1377
0.00014495863433706957 1378
0.00013160718117445624 1379
0.00010261545430703678 1380
0.00016479507903584267 1381
0.00016212478840331446 1382
0.00016822830984908332 1383
0.00015449538659610684 1384
0.00015449538659610684 1385
0.0001350404119876969 1386
0.00010986338602389512 1387
0.0001491548053310504 1388
0.00013847364280095142 1389
0.00012207042891543285 1390
0.00015296950623464034 1391
0.00015258803614429106 1392
0.0001369477624394988 1393
0.00014038099325273945 1394
0.00015258803614429106 1395
0.00015487685668645612 1396
0.00016441360894547952 1397
0.00012855542045156487 1398
0.00016326919867439005 1399
0.00015258803614429106 1400
0.00014877333524068725 1401
0.00014305128388528154 1402
0.00015258803614429106 1403
0.00013237012135516868 1404
0.00012092601864434338 1405
0.00014762892496961166 1406
0.00013923658298166386 1407
0.00013656629234914952 1408
0.00015640273704789487 1409
0.0001617433183129513 1410
0.0001579286174093475 1411
0.00014762892496959779 1412
0.00014343275397563082 1413
0.0001159669074696501 1414
0.00014152540352382892 1415
0.00014114393343347964 1416
0.0001636506687647532 1417
0.00013656629234914952 1418
0.00014762892496959779 1419
0.00014762892496959779 1420
0.00013732923252986196 1421
0.00014114393343346576 1422
0.0001445771642467203 1423
0.000133133061535895 1424
0.00010948191593353196 1425
0.00013198865126480552 1426
0.00014152540352382892 1427
0.00014877333524067338 1428
0.00014228834370455523 1429
0.00014038099325275333 1430
0.0001762391817466541 1431
0.0001762391817466541 1432
0.00013694776243951268 1433
0.00013809217271058827 1434
0.0001472474548792485 1435
0.00013732923252986196 1436
0.00013999952316239017 1437
0.0001388551128913007 1438
0.0001388551128913007 1439
0.0001350404119876969 1440
0.00014228834370455523 1441
0.00012512218963832422 1442
0.00010986338602389512 1443
0.00014572157451779588 1444
0.00015106215578283844 1445
0.00013542188207804617 1446
0.0001464845146985222 1447
0.00016136184822258814 1448
0.00014190687361419208 1449
0.00011253367665640945 1450
0.00014801039505996094 1451
0.00013542188207806005 1452
0.0001514436258732016 1453
0.00015373244641536665 1454
0.00014915480533103653 1455
0.00013618482225878636 1456
0.0001350404119876969 1457
0.00015487685668645612 1458
0.00014076246334311648 1459
0.0001377107026202251 1460
0.0001705171303912345 1461
0.0001762391817466541 1462
0.0001533509763250035 1463
0.00014534010442743273 1464
0.00014648451469850832 1465
0.00015563979686716856 1466
9.727487304198035e-05 1467
0.00014114393343347964 1468
0.00014686598478888535 1469
0.00014953627542141357 1470
0.0001426698137949184 1471
0.00014534010442743273 1472
0.00017280595093339957 1473
0.00015182509596356475 1474
0.00013084424099372993 1475
0.0001464845146985222 1476
0.00012969983072264046 1477
0.00014305128388526767 1478
0.00014381422406599398 1479
0.0001426698137949045 1480
0.00014495863433706957 1481
0.00013961805307202702 1482
0.00015144362587321547 1483
0.00012931836063229118 1484
0.0001300813008130175 1485
0.00011749278783110273 1486
0.0001426698137949184 1487
0.0001312257110840931 1488
0.00013999952316239017 1489
0.00014305128388526767 1490
0.0001399995231623763 1491
0.00013160718117445624 1492
0.00013465894189733374 1493
0.000150299215602126 1494
9.460458240945213e-05 1495
0.00015907302768042308 1496
0.00012550365972868738 1497
0.0001445771642467203 1498
0.00015678420713825802 1499
0.00015678420713825802 1500
0.0001724244808430503 1501
0.0001338960017166213 1502
0.00014114393343346576 1503
0.00013618482225878636 1504
0.00015525832677681928 1505
0.00011749278783110273 1506
0.00015373244641536665 1507
0.0001522065660539279 1508
0.0001388551128913007 1509
0.00017166154066232397 1510
0.00017166154066232397 1511
0.0001415254035238428 1512
0.0001415254035238428 1513
0.00014381422406599398 1514
0.00013656629234914952 1515
0.00015296950623465422 1516
0.00014991774551176285 1517
0.00014762892496959779 1518
0.00013961805307202702 1519
0.0001407624633431026 1520
0.00015258803614429106 1521
0.00012969983072264046 1522
0.00013008130081300362 1523
0.00015487685668645612 1524
0.00014190687361419208 1525
0.00014114393343347964 1526
0.00014686598478887147 1527
0.00015640273704789487 1528
0.00013847364280093755 1529
9.307870204801338e-05 1530
0.00013656629234913564 1531
0.00014839186515031022 1532
0.0001445771642467064 1533
0.00016212478840330058 1534
0.00016860977993944648 1535
0.00016136184822258814 1536
0.00011672984765037642 1537
0.0001453401044274466 1538
0.00014686598478887147 1539
0.0001312257110840931 1540
0.00013580335216840933 1541
0.00015907302768042308 1542
0.00015716567722862118 1543
0.00013275159144553184 1544
0.00013084424099372993 1545
0.00014915480533103653 1546
0.00013542188207806005 1547
0.0001377107026202251 1548
0.00014152540352382892 1549
0.00015678420713825802 1550
0.00015258803614429106 1551
0.00015144362587321547 1552
0.0001560212669575317 1553
0.00014877333524068725 1554
0.00012474071954796107 1555
0.00015106215578285231 1556
0.00013847364280093755 1557
0.00010337839448774921 1558
0.00014953627542141357 1559
0.0001464845146985222 1560
0.00014495863433708345 1561
0.0001617433183129513 1562
0.0001514436258732016 1563
0.00012855542045156487 1564
0.00012855542045156487 1565
0.0001541139165057298 1566
0.0001491548053310504 1567
0.00014877333524067338 1568
0.00016174331831293742 1569
0.00016822830984908332 1570
0.00016441360894547952 1571
0.000160980378132225 1572
0.0001495362754213997 1573
0.0001483918651503241 1574
0.0001453401044274466 1575
0.000133133061535895 1576
0.000150299215602126 1577
0.0001560212669575317 1578
0.0001560212669575317 1579
0.00015068068569248916 1580
0.0001483918651503241 1581
0.00014610304460815904 1582
0.00014610304460815904 1583
0.00014228834370455523 1584
0.00014381422406599398 1585
0.00013847364280093755 1586
0.00017356889111412588 1587
0.00017356889111412588 1588
0.00016136184822258814 1589
0.00015678420713825802 1590
0.00016632095939728142 1591
0.00015831008749969677 1592
0.00012321483918650844 1593
0.00015068068569248916 1594
0.000167465369668357 1595
0.00016174331831293742 1596
0.00016632095939726754 1597
0.0001617433183129513 1598
0.00014534010442743273 1599
0.00012397777936723475 1600
0.0001560212669575317 1601
0.0001541139165057298 1602
0.00014915480533103653 1603
0.00015640273704789487 1604
0.00017013566030088523 1605
0.00015640273704789487 1606
0.0001495362754213997 1607
0.00014419569415635713 1608
0.0001598359678611494 1609
0.0001579286174093475 1610
0.00014991774551177672 1611
0.00012969983072264046 1612
0.00015831008749969677 1613
0.00015754714731898434 1614
0.00015754714731898434 1615
0.0001743318312948522 1616
0.0001743318312948522 1617
0.00013580335216840933 1618
0.000133133061535895 1619
0.00015640273704790875 1620
0.00013427747180698446 1621
0.00015945449777078624 1622
0.0001605989080418757 1623
0.00015640273704789487 1624
0.00016021743795149868 1625
0.00016021743795149868 1626
0.00016021743795149868 1627
0.00016212478840330058 1628
0.00016250625849366374 1629
0.00013198865126480552 1630
0.00014801039505996094 1631
0.00015640273704789487 1632
0.00015640273704789487 1633
0.0001495362754213997 1634
0.0001495362754213997 1635
0.00016212478840331446 1636
0.00014877333524068725 1637
0.00015449538659609297 1638
0.00014991774551176285 1639
0.00017166154066232397 1640
0.00015831008749969677 1641
0.00015182509596357863 1642
0.00015182509596357863 1643
0.00015068068569248916 1644
0.0001567842071382719 1645
0.00015487685668645612 1646
0.000160980378132225 1647
0.00015106215578285231 1648
0.0001655580192165551 1649
