9.307870204802726e-05 0
9.460458240945213e-05 1
0.007236487614143 2
0.00011215220656606018 3
0.00011444102710822524 4
0.007423026488329404 5
0.00010986338602389512 6
0.00010681162530100374 7
0.007246405836492387 8
7.972724888538618e-05 9
9.956369358414541e-05 10
0.007256324058841759 11
9.956369358414541e-05 12
0.00010185251412631047 13
0.007317740743389839 14
0.00011520396728893767 15
0.0001159669074696501 16
0.007242972605679146 17
0.00010528574493955112 18
9.689340295161719e-05 19
0.007433326180769126 20
0.00010757456548173006 21
0.00012130748873472041 22
0.007421119137877602 23
0.00010833750566245637 24
0.000122451899005796 25
0.007219321460076769 26
8.163459933718809e-05 27
9.002694132512201e-05 28
0.007401282693178829 29
7.972724888538618e-05 30
8.506783015044261e-05 31
0.007435615001311305 32
0.0001205445485539941 33
0.00010833750566245637 34
0.007307441050950103 35
0.000105285744939565 36
0.00010490427484920184 37
0.007411582385618579 38
0.00010986338602389512 39
0.00012397777936724863 40
0.0072567055289321225 41
9.38416422287397e-05 42
0.00011978160837326779 43
0.007274634623179066 44
9.88007534034191e-05 45
0.00010948191593351808 46
0.0074802470018835165 47
0.00010452280475883868 48
9.841928331306982e-05 49
0.007347876880528334 50
9.422311231908898e-05 51
7.781989843358428e-05 52
0.007414252676251093 53
9.651193286126791e-05 54
0.00011482249719857451 55
0.007349784230980136 56
0.00011253367665642333 57
9.117135159621148e-05 58
0.007206351477004505 59
8.621224042153208e-05 60
9.727487304198035e-05 61
0.007260520229835726 62
0.00011405955701786208 63
0.0001110077962949707 64
0.007265860811100783 65
0.00010604868512027743 66
9.57489926805416e-05 67
0.007320792504112716 68
7.514960780106994e-05 69
0.00010032663376487172 70
0.007453162625467899 71
0.00010108957394559803 72
0.00012168895882506969 73
0.007382590658751173 74
0.00013656629234914952 75
7.514960780106994e-05 76
0.007353980401974103 77
9.841928331306982e-05 78
0.00012397777936723475 79
0.007352454521612664 80
0.00012474071954796107 81
0.00010490427484920184 82
0.00748062847197388 83
7.7438428343235e-05 84
7.133490689746613e-05 85
0.007291037837064598 86
0.00010032663376487172 87
0.00012893689054192803 88
0.007306678110769377 89
9.994516367450856e-05 90
0.0001071930953913669 91
0.007507712848389483 92
6.866461626492404e-05 93
0.000105285744939565 94
0.007410437975347489 95
9.956369358414541e-05 96
0.00010452280475883868 97
0.007418448847245074 98
0.00011749278783110273 99
9.38416422287397e-05 100
0.007318122213480202 101
0.00011749278783110273 102
8.201606942755124e-05 103
0.007312400162124796 104
0.00010032663376487172 105
0.0001235963092768716 106
0.007358939513148796 107
0.00010566721502991427 108
9.422311231908898e-05 109
0.007506568438118408 110
0.00011634837756002714 111
9.803781322270666e-05 112
0.007481009942064229 113
7.781989843358428e-05 114
0.0001041413346684894 115
0.007537086045347266 116
8.773812078297083e-05 117
0.00010604868512029131 118
0.00747948406170279 119
0.00011253367665642333 120
0.0001071930953913669 121
0.007405860334263159 122
9.803781322270666e-05 123
8.316047969864071e-05 124
0.007389457120377654 125
0.00010871897575281952 126
0.00011062632620462143 127
0.0075687480628472 128
0.00010795603557209321 129
9.117135159621148e-05 130
0.007413108265980017 131
7.7438428343235e-05 132
0.00011978160837326779 133
0.007450492334835371 134
0.00010643015521064059 135
0.00010986338602389512 136
0.007536704575256903 137
9.040841141548517e-05 138
9.155282168657464e-05 139
0.007514197839925615 140
9.651193286126791e-05 141
0.00010681162530100374 142
0.007513816369835252 143
0.00012321483918652232 144
0.00011444102710822524 145
0.007613380063419398 146
0.00011444102710822524 147
0.00010681162530100374 148
0.007420737667787225 149
0.0001071930953913669 150
0.00011062632620462143 151
0.0074890208139618 152
0.00012588512981903666 153
0.00012207042891543285 154
0.0075229716520039125 155
0.00010223398421667362 156
0.00010452280475883868 157
0.007599647140166421 158
0.00011062632620462143 159
0.00010986338602389512 160
0.007622535345588058 161
0.0001121522065660463 162
9.88007534034191e-05 163
0.007631309157666355 164
0.00010795603557209321 165
0.00011138926638533386 166
0.00752602341272679 167
0.00010375986457811237 168
0.0001071930953913669 169
0.007527930763178592 170
0.00010871897575280565 171
0.00012092601864434338 172
0.007709510526190316 173
0.00010375986457812625 174
9.498605249982917e-05 175
0.0075939250888110155 176
8.163459933720196e-05 177
0.00010833750566244249 178
0.007601554490618223 179
0.00010032663376487172 180
0.0001350404119876969 181
0.007575233054383332 182
9.76563431323435e-05 183
9.76563431323435e-05 184
0.007586677157094157 185
9.689340295163107e-05 186
9.613046277090476e-05 187
0.007626731516582025 188
0.00011444102710821136 189
0.00011177073647568314 190
0.007700355244021642 191
0.00011367808692748504 192
9.956369358414541e-05 193
0.007708366115919213 194
9.76563431323435e-05 195
0.00010490427484920184 196
0.0076797558591421705 197
9.918222349378225e-05 198
0.00011825572801181516 199
0.007608420952244704 200
0.00010643015521064059 201
0.00011482249719858839 202
0.007653052952816916 203
0.00010871897575281952 204
8.621224042153208e-05 205
0.007664115585437378 206
0.00014419569415635713 207
0.00011138926638533386 208
0.007701499654292732 209
0.00012512218963832422 210
0.0001071930953913669 211
0.00755844837040745 212
9.460458240945213e-05 213
0.00010986338602388124 214
0.007546241327515912 215
0.00010757456548171618 216
0.0001091004458431688 217
0.007542808096702672 218
9.880075340343297e-05 219
9.880075340343297e-05 220
0.007685477910497576 221
0.00011520396728893767 222
9.231576186730095e-05 223
0.007664115585437378 224
0.00010070810385523488 225
0.0001022339842166875 226
0.007671363517154237 227
0.00010833750566245637 228
0.00010833750566245637 229
0.0076431347304675434 230
9.727487304199423e-05 231
0.00011940013828290463 232
0.0075920177383592 233
0.00011062632620460755 234
0.00012016307846363095 235
0.007587821567365233 236
0.00011672984765037642 237
0.00011672984765037642 238
0.007741554013780613 239
0.00011062632620462143 240
9.57489926805416e-05 241
0.007635886798750685 242
9.994516367452244e-05 243
7.019049662637666e-05 244
0.0077419354838709625 245
0.00012588512981905053 246
0.00010795603557209321 247
0.0076950146627566 248
0.0001312257110840931 249
0.00011749278783110273 250
0.007768638390196231 251
0.00011558543737930083 252
9.803781322270666e-05 253
0.007681663209593972 254
0.00011558543737930083 255
0.00011558543737930083 256
0.007730109911069788 257
0.00012168895882506969 258
0.0001121522065660463 259
0.007613380063419398 260
8.239753951792828e-05 261
0.00010108957394559803 262
0.007724006389624019 263
0.00012130748873470654 264
0.00010643015521064059 265
0.007726676680256533 266
0.0001159669074696501 267
0.00010108957394559803 268
0.007681281739503609 269
0.0001243592494575979 270
9.689340295163107e-05 271
0.007673652337696388 272
0.0001102448561142444 273
0.0001102448561142444 274
0.007756049877214316 275
0.00010337839448774921 276
0.00011253367665642333 277
0.007565696302124322 278
8.163459933718809e-05 279
0.00010566721502992815 280
0.007586677157094143 281
0.00010299692439739994 282
0.00010452280475883868 283
0.00771332522709392 284
0.0001110077962949707 285
9.57489926805416e-05 286
0.007640845909925378 287
0.00010147104403594731 288
6.523138545169727e-05 289
0.007646567961280798 290
9.803781322270666e-05 291
0.00010643015521064059 292
0.007650382662184402 293
0.00012092601864435726 294
0.0001091004458431688 295
0.007580192165558025 296
0.0001167298476503903 297
9.155282168657464e-05 298
0.007757194287485392 299
6.980902653601351e-05 300
0.00011558543737930083 301
0.0077419354838709625 302
0.0001110077962949707 303
0.0001071930953913669 304
0.007641608850106105 305
0.0001071930953913669 306
0.00010223398421667362 307
0.00767060057697351 308
9.07898815058622e-05 309
8.544930024080577e-05 310
0.007633979448298883 311
0.00011634837756002714 312
0.00011291514674677261 313
0.007574088644112242 314
0.00011253367665642333 315
0.00013084424099372993 316
0.007733543141883029 317
9.155282168657464e-05 318
0.00011482249719857451 319
0.007591254798178487 320
0.00011177073647569702 321
0.00011444102710822524 322
0.007579429225377299 323
0.00010185251412631047 324
0.00010566721502992815 325
0.007740409603509524 326
8.239753951792828e-05 327
8.23975395179144e-05 328
0.007592780678539926 329
0.00011711131774075345 330
9.231576186730095e-05 331
0.007642371790286817 332
0.00010643015521064059 333
7.820136852394743e-05 334
0.007749183415587821 335
9.613046277090476e-05 336
0.0001110077962949707 337
0.007612617123238685 338
0.00012474071954796107 339
0.0001071930953913669 340
0.007545859857425549 341
9.956369358415929e-05 342
9.498605249981529e-05 343
0.007678611448871081 344
7.591254798178237e-05 345
0.00011062632620460755 346
0.0077312543213408635 347
0.0001140595570178482 348
0.00010490427484920184 349
0.007556541019955662 350
0.00010986338602389512 351
0.00011558543737930083 352
0.007659156474262699 353
0.00010070810385523488 354
9.38416422287397e-05 355
0.007548148677967714 356
0.0001255036597286735 357
0.00013084424099372993 358
0.007485587583148559 359
0.00012474071954796107 360
0.00011253367665642333 361
0.007691962902033708 362
9.689340295161719e-05 363
9.880075340343297e-05 364
0.00750847578857021 365
6.523138545168339e-05 366
8.88825310540603e-05 367
0.007527930763178606 368
0.00010604868512027743 369
0.00010223398421667362 370
0.007665641465798831 371
0.00010604868512029131 372
7.286078725890488e-05 373
0.007512671959564163 374
9.803781322270666e-05 375
7.095343680710298e-05 376
0.007602317430798949 377
0.00010185251412632434 378
0.0001091004458431688 379
0.00761147271296761 380
0.00010719309539135302 381
0.00012130748873470654 382
0.007419211787425786 383
7.095343680710298e-05 384
0.00011749278783110273 385
0.007586295687003794 386
9.231576186730095e-05 387
9.346017213839042e-05 388
0.007609565362515794 389
0.0001235963092768716 390
0.0001140595570178482 391
0.007501227856853351 392
0.00010604868512027743 393
6.752020599384845e-05 394
0.007419211787425786 395
0.00010414133466847553 396
0.00010108957394558415 397
0.007564551891853233 398
9.57489926805416e-05 399
9.727487304199423e-05 400
0.007406241804353522 401
9.498605249982917e-05 402
0.00010223398421667362 403
0.007537086045347252 404
9.117135159622536e-05 405
0.00010147104403594731 406
0.007693488782395161 407
0.000105285744939565 408
0.00010452280475883868 409
0.007643897670648256 410
8.392341987936702e-05 411
9.803781322270666e-05 412
0.00764771237155186 413
0.00011825572801181516 414
9.498605249981529e-05 415
0.007632453567937431 416
0.00011329661683713577 417
0.00012016307846363095 418
0.007551200438690606 419
9.422311231910285e-05 420
8.926400114440958e-05 421
0.007717902868178236 422
0.00010528574493955112 423
0.00011291514674677261 424
0.0076904370216722695 425
0.00011444102710822524 426
0.00011444102710822524 427
0.007496268745678658 428
7.820136852394743e-05 429
0.00011367808692748504 430
0.007575614524473695 431
0.00011444102710822524 432
0.00013351453162625815 433
0.007615668883961563 434
0.0001361848222587725 435
0.00014686598478887147 436
0.007580192165558025 437
0.0001022339842166875 438
5.7601983644461896e-05 439
0.007678229978780732 440
0.0001121522065660463 441
0.00011863719810217832 442
0.007682807619865062 443
0.000105285744939565 444
9.803781322270666e-05 445
0.00749359845504613 446
8.544930024080577e-05 447
0.00010681162530100374 448
0.00770416994492526 449
0.00011863719810217832 450
0.00011253367665642333 451
0.007711417876642118 452
9.346017213837654e-05 453
0.00011367808692748504 454
0.007624061225949497 455
0.00011215220656606018 456
9.193429177693779e-05 457
0.007664115585437378 458
0.00010604868512027743 459
7.93457787950369e-05 460
0.007516486660467767 461
0.0001140595570178482 462
0.00010337839448776309 463
0.007538230455618342 464
9.422311231910285e-05 465
0.00011024485611425827 466
0.007695777602937326 467
8.888253105404642e-05 468
0.00010871897575280565 469
0.007629401807214553 470
0.00010566721502992815 471
0.00011596690746966398 472
0.0076519085425458405 473
0.00010833750566244249 474
0.0001110077962949707 475
0.007621009465226619 476
0.00010375986457811237 477
6.599432563239582e-05 478
0.0076950146627566 479
9.346017213837654e-05 480
9.918222349378225e-05 481
0.007611091242877233 482
0.000122451899005796 483
0.00010299692439738606 484
0.007645805021100058 485
0.00011558543737930083 486
0.00011215220656606018 487
0.007497413155949734 488
9.078988150584832e-05 489
0.0001041413346684894 490
0.00759545096917244 491
9.078988150584832e-05 492
0.00011253367665642333 493
0.007551200438690606 494
0.00010185251412631047 495
0.00010757456548173006 496
0.0075679851226664735 497
9.880075340343297e-05 498
5.5313163102296836e-05 499
0.007646567961280784 500
0.00010490427484920184 501
9.498605249982917e-05 502
0.007650382662184388 503
0.0001110077962949707 504
0.00010795603557207933 505
0.007458503206732955 506
0.00010261545430703678 507
0.00010604868512027743 508
0.00748787640369071 509
7.514960780105606e-05 510
0.0001102448561142444 511
0.007478339651431701 512
0.00010948191593353196 513
9.803781322270666e-05 514
0.00756760365257611 515
0.00010948191593351808 516
0.00010986338602389512 517
0.007597358319624256 518
0.00012512218963832422 519
9.841928331306982e-05 520
0.007444770283479965 521
9.880075340343297e-05 522
0.00011329661683713577 523
0.007563407481582157 524
0.00012512218963831034 525
0.0001361848222587725 526
0.007450492334835371 527
9.956369358414541e-05 528
0.00011367808692749892 529
0.007548530148058077 530
9.651193286125404e-05 531
0.00012092601864434338 532
0.0075702739432086386 533
0.0001121522065660463 534
0.0001091004458431688 535
0.007516105190377417 536
0.00010414133466847553 537
0.00010414133466847553 538
0.007472617600076281 539
0.00011138926638533386 540
0.00010147104403594731 541
0.007601554490618223 542
0.00011634837756001326 543
0.00012207042891543285 544
0.007610709772786883 545
0.00010490427484920184 546
0.00010490427484920184 547
0.007585532746823068 548
7.972724888538618e-05 549
0.0001091004458431688 550
0.007493216984955767 551
0.00010604868512029131 552
0.00011749278783110273 553
0.0075058054979376815 554
0.0001262665999093998 555
0.00011215220656606018 556
0.007473380540257021 557
0.0001041413346684894 558
9.994516367450856e-05 559
0.007584769806642355 560
0.00011596690746966398 561
0.00010223398421667362 562
0.007567222182485747 563
0.00011825572801182904 564
0.00011825572801182904 565
0.0076026989008893125 566
9.956369358415929e-05 567
0.000105285744939565 568
0.007559974250768903 569
9.689340295163107e-05 570
0.00011405955701786208 571
0.007493216984955767 572
0.00010566721502991427 573
0.000122451899005796 574
0.007528693703359318 575
0.0001071930953913669 576
0.0001071930953913669 577
0.007458121736642578 578
0.0001205445485539941 579
0.00010108957394558415 580
0.00754090074625087 581
0.00010490427484920184 582
0.00011329661683713577 583
0.007438666762034196 584
9.422311231910285e-05 585
0.00010337839448774921 586
0.007434089120949852 587
0.00012283336909615916 588
0.00010948191593353196 589
0.007440955582576361 590
0.00011749278783110273 591
0.00011749278783110273 592
0.007571799823570077 593
8.850106096369714e-05 594
0.00010681162530100374 595
0.007480247001883503 596
7.247931716854172e-05 597
0.00010223398421667362 598
0.0075229716520039125 599
0.00011024485611425827 600
0.00010795603557209321 601
0.007521827241732823 602
0.00011482249719857451 603
0.00011062632620460755 604
0.007399756812817404 605
0.00010681162530100374 606
9.689340295163107e-05 607
0.00749359845504613 608
0.00011520396728893767 609
0.00010452280475883868 610
0.007598121259804982 611
0.00010490427484920184 612
0.00011177073647569702 613
0.007475669360799186 614
0.00010032663376487172 615
9.193429177693779e-05 616
0.007489402284052177 617
0.0001022339842166875 618
0.00010986338602389512 619
0.00753174546408221 620
0.0001121522065660463 621
9.956369358414541e-05 622
0.007594688028991728 623
0.0001167298476503903 624
8.811959087333399e-05 625
0.0076107097727868694 626
0.00010490427484920184 627
0.00011253367665642333 628
0.007609183892425431 629
9.88007534034191e-05 630
0.00011405955701786208 631
0.0074657511384498 632
8.04901890661125e-05 633
0.00011291514674678649 634
0.007534034284624375 635
9.841928331305594e-05 636
0.00010261545430703678 637
0.007554252199413497 638
0.00012512218963832422 639
0.00010871897575280565 640
0.007567222182485747 641
0.00011787425792146589 642
9.422311231910285e-05 643
0.007599265670076058 644
9.918222349378225e-05 645
0.0001091004458431688 646
0.0074390482321245455 647
0.00011253367665642333 648
0.00012588512981905053 649
0.007408530624895687 650
0.00011405955701786208 651
9.346017213837654e-05 652
0.007533271344443648 653
9.613046277090476e-05 654
0.00010337839448776309 655
0.007543952506973747 656
0.00011253367665640945 657
0.00010032663376487172 658
0.007458121736642592 659
0.00011291514674678649 660
0.00011291514674678649 661
0.007411582385618579 662
9.803781322270666e-05 663
0.00012664806999976297 664
0.0073360513077271455 665
0.0001102448561142444 666
0.00010147104403594731 667
0.007382590658751159 668
0.00010375986457811237 669
0.00010375986457811237 670
0.007534034284624361 671
0.00010719309539135302 672
0.00011749278783110273 673
0.007432181770498064 674
0.00010108957394558415 675
5.8746393915551365e-05 676
0.007461936437546182 677
0.00010719309539135302 678
9.536752259017844e-05 679
0.007431037360226975 680
0.000122451899005796 681
0.00010681162530100374 682
0.0073745797868535745 683
0.00010147104403594731 684
0.00011787425792146589 685
0.007511146079202724 686
0.00012207042891543285 687
0.0001110077962949707 688
0.007501990797034064 689
0.00010604868512029131 690
0.00012550365972868738 691
0.007384879479293324 692
8.316047969864071e-05 693
9.994516367450856e-05 694
0.0074585032067329415 695
9.803781322270666e-05 696
0.00010223398421667362 697
0.007475669360799186 698
9.727487304198035e-05 699
9.727487304198035e-05 700
0.007454688505829338 701
0.00011291514674677261 702
0.00011253367665640945 703
0.007496268745678658 704
9.38416422287397e-05 705
0.00010337839448776309 706
0.007493979925136493 707
9.803781322270666e-05 708
0.00010147104403594731 709
0.007342154829172914 710
0.00012016307846363095 711
0.00010566721502992815 712
0.007451255275016097 713
0.00010223398421667362 714
7.705695825287184e-05 715
0.00733490689745607 716
0.00011444102710822524 717
0.00011177073647569702 718
0.007373435376582513 719
9.155282168657464e-05 720
9.918222349379613e-05 721
0.007498557566220823 722
9.994516367450856e-05 723
0.00010452280475885256 724
0.0072891304866127965 725
9.38416422287397e-05 726
0.00010108957394559803 727
0.007313544572395872 728
0.0001071930953913669 729
0.0001071930953913669 730
0.007466132608540149 731
6.980902653601351e-05 732
0.00010681162530100374 733
0.007347495410437971 734
0.00010452280475883868 735
0.00010147104403594731 736
0.007356269222516268 737
0.00011825572801181516 738
0.00011825572801181516 739
0.007383353598931872 740
0.00010299692439738606 741
9.918222349378225e-05 742
0.007299048708962155 743
0.00010185251412631047 744
0.00010337839448776309 745
0.007300574589323594 746
0.00010337839448774921 747
9.994516367450856e-05 748
0.007454688505829338 749
8.23975395179144e-05 750
0.00011367808692749892 751
0.007296378418329641 752
0.00012321483918652232 753
0.00011367808692749892 754
0.007310874281763344 755
0.0001110077962949707 756
0.00011825572801181516 757
0.00739517917173306 758
9.193429177692392e-05 759
7.514960780105606e-05 760
0.0074756693607991725 761
0.00011749278783110273 762
0.00010337839448774921 763
0.00730705958085974 764
0.00011138926638533386 765
0.00011367808692749892 766
0.0074348520611305785 767
0.00010948191593351808 768
0.00010375986457811237 769
0.007264334930739344 770
0.00010490427484920184 771
0.00011253367665640945 772
0.007310874281763344 773
0.00011520396728895155 774
0.00010604868512027743 775
0.0074348520611305785 776
9.727487304199423e-05 777
8.43048899697163e-05 778
0.007259757289655014 779
0.0001110077962949707 780
8.697518060224452e-05 781
0.007354361872064466 782
0.00011367808692749892 783
8.43048899697163e-05 784
0.007458884676823305 785
0.00010490427484920184 786
8.926400114440958e-05 787
0.007422645018239041 788
0.00010414133466847553 789
0.00011482249719857451 790
0.007260520229835726 791
0.00010643015521064059 792
9.498605249981529e-05 793
0.007423407958419753 794
0.00010490427484920184 795
0.000105285744939565 796
0.007471473189805206 797
0.00010833750566244249 798
0.00010185251412631047 799
0.007361609803781324 800
0.00010566721502992815 801
7.362372743961731e-05 802
0.007422645018239041 803
0.00010108957394559803 804
9.803781322270666e-05 805
0.007380301838208994 806
0.00011596690746966398 807
9.956369358414541e-05 808
0.007312781632215146 809
0.00010795603557207933 810
0.0001041413346684894 811
0.0074657511384498 812
8.926400114440958e-05 813
0.00011177073647569702 814
0.007453162625467899 815
0.00012588512981905053 816
0.000105285744939565 817
0.0072891304866127965 818
0.00010604868512027743 819
0.00010337839448776309 820
0.0073619912738716875 821
9.117135159621148e-05 822
0.00010757456548173006 823
0.007390601530648744 824
0.00011672984765037642 825
9.38416422287397e-05 826
0.007349784230980136 827
0.00010604868512027743 828
9.76563431323435e-05 829
0.0074455332236606775 830
0.00010147104403596119 831
0.0001091004458431688 832
0.007466132608540163 833
0.00011596690746966398 834
0.00012016307846363095 835
0.007276923443721245 836
0.00010871897575280565 837
0.00010986338602389512 838
0.007405860334263173 839
8.621224042153208e-05 840
0.00010299692439738606 841
0.007446296163841404 842
0.00011634837756001326 843
9.803781322270666e-05 844
0.007328421905919938 845
0.00010795603557209321 846
7.057196671673982e-05 847
0.007457740266552229 848
0.00010604868512029131 849
0.00010871897575280565 850
0.007444388813389602 851
0.00011863719810217832 852
0.00011978160837326779 853
0.007337577188088598 854
0.00010452280475883868 855
9.88007534034191e-05 856
0.007488257873781087 857
7.133490689746613e-05 858
9.307870204801338e-05 859
0.0073364327778175226 860
0.0001140595570178482 861
9.76563431323435e-05 862
0.0073383401282693245 863
0.00011062632620460755 864
6.752020599384845e-05 865
0.007448966454473932 866
9.727487304199423e-05 867
9.727487304199423e-05 868
0.007305915170588664 869
0.00011978160837326779 870
0.00010719309539135302 871
0.007324225734925971 872
0.00010757456548171618 873
9.689340295163107e-05 874
0.0074928355148654174 875
8.583077033115505e-05 876
0.00010681162530100374 877
0.007349402760889773 878
0.00011329661683713577 879
9.536752259017844e-05 880
0.007358558043058433 881
0.00010566721502991427 882
0.0001091004458431688 883
0.0073577951028777205 884
7.820136852394743e-05 885
0.00010375986457811237 886
0.007443244403118512 887
0.00011558543737930083 888
9.803781322270666e-05 889
0.0073768686073957535 890
0.00010948191593351808 891
8.964547123477273e-05 892
0.007489783754142526 893
0.00010375986457811237 894
0.00010223398421667362 895
0.007360846863600598 896
0.0001071930953913669 897
0.00011558543737930083 898
0.007306296640679014 899
0.00010261545430703678 900
0.00010871897575280565 901
0.0074562143861907765 902
7.400519752998047e-05 903
6.866461626493792e-05 904
0.007345588059986169 905
0.00011978160837326779 906
0.00010681162530100374 907
0.007382209188660796 908
0.00011291514674677261 909
0.00011367808692749892 910
0.007481391412154592 911
0.0001091004458431688 912
0.00011520396728895155 913
0.007308585461221179 914
8.392341987936702e-05 915
0.00011978160837326779 916
0.007360083923419872 917
0.00010757456548173006 918
0.00010337839448774921 919
0.0075164866604677805 920
7.171637698781541e-05 921
0.00010414133466847553 922
0.007439429702214909 923
0.00010414133466847553 924
0.00010833750566245637 925
0.007413108265980017 926
0.00011177073647568314 927
0.0001110077962949707 928
0.007501990797034078 929
9.918222349379613e-05 930
9.651193286126791e-05 931
0.007362372743962037 932
0.00010681162530100374 933
0.00011367808692749892 934
0.007352454521612664 935
9.231576186730095e-05 936
0.0001071930953913669 937
0.007518012540829219 938
9.38416422287397e-05 939
9.956369358415929e-05 940
0.0073627542140524 941
0.00010681162530100374 942
0.0001110077962949707 943
0.007373435376582499 944
9.689340295163107e-05 945
0.0001071930953913669 946
0.00747948406170279 947
9.38416422287397e-05 948
6.904608635530107e-05 949
0.007388312710106565 950
0.00010414133466847553 951
7.47681377106929e-05 952
0.007398230932455951 953
0.00010681162530100374 954
0.00010681162530100374 955
0.007499701976491899 956
0.00010681162530100374 957
0.00011749278783110273 958
0.007343299239444004 959
0.00010566721502991427 960
0.0001121522065660463 961
0.007347113940347608 962
0.00011253367665640945 963
0.00011024485611425827 964
0.00750733137829912 965
8.12531292468388e-05 966
8.087165915647565e-05 967
0.007429511479865536 968
0.0001102448561142444 969
0.0001102448561142444 970
0.0074199747276065126 971
0.00012893689054192803 972
0.0001071930953913669 973
0.0075164866604677805 974
9.956369358414541e-05 975
0.00010375986457811237 976
0.0072975228286007165 977
0.00012207042891543285 978
0.00011978160837328167 979
0.007348258350618697 980
0.0001071930953913669 981
0.00010566721502992815 982
0.007341773359082565 983
7.667548816250869e-05 984
8.62122404215182e-05 985
0.007450492334835371 986
0.00012168895882506969 987
7.286078725890488e-05 988
0.007461554967455833 989
0.00010795603557209321 990
9.994516367450856e-05 991
0.007444007343299253 992
0.00012092601864435726 993
9.231576186730095e-05 994
0.007346732470257258 995
0.00010337839448776309 996
9.498605249981529e-05 997
0.007341010418901853 998
0.00010299692439739994 999
0.00013732923252986196 1000
0.007506949908208757 1001
0.00010185251412631047 1002
9.231576186730095e-05 1003
0.007435233531220942 1004
0.00011825572801182904 1005
0.00010108957394559803 1006
0.007340247478721126 1007
8.43048899697163e-05 1008
0.00010261545430703678 1009
0.007444388813389602 1010
8.964547123477273e-05 1011
7.171637698782929e-05 1012
0.007367713325227093 1013
0.00010337839448776309 1014
9.918222349378225e-05 1015
0.007365805974775291 1016
0.00011825572801182904 1017
0.00010299692439739994 1018
0.007486731993419635 1019
9.918222349379613e-05 1020
9.841928331306982e-05 1021
0.007299430179052532 1022
7.324225734925416e-05 1023
0.00010948191593353196 1024
0.007398612402546315 1025
0.00012207042891543285 1026
0.00012474071954796107 1027
0.007402427103449918 1028
0.00011367808692748504 1029
0.00011863719810217832 1030
0.007381446248480084 1031
9.956369358415929e-05 1032
7.171637698781541e-05 1033
0.007475287890708809 1034
0.00010833750566245637 1035
0.00010261545430703678 1036
0.007452399685287173 1037
0.0001102448561142444 1038
0.00011672984765037642 1039
0.007315451922847674 1040
7.896430870467375e-05 1041
9.88007534034191e-05 1042
0.007365043034594565 1043
7.934577879502303e-05 1044
0.00010604868512027743 1045
0.007493979925136493 1046
0.00010185251412631047 1047
0.00010643015521064059 1048
0.007414252676251093 1049
0.0001091004458431688 1050
8.163459933718809e-05 1051
0.007447822044202856 1052
0.00010643015521065446 1053
7.705695825287184e-05 1054
0.007426078249052281 1055
0.00012969983072264046 1056
0.00011711131774073957 1057
0.007307822521040466 1058
0.00010223398421667362 1059
9.651193286126791e-05 1060
0.0074604105571847434 1061
0.00010223398421667362 1062
0.00011138926638533386 1063
0.007472617600076295 1064
0.00010566721502992815 1065
0.00010566721502992815 1066
0.007393271821281258 1067
0.00010871897575280565 1068
0.00010795603557209321 1069
0.007357413632787357 1070
0.00010681162530100374 1071
6.942755644565035e-05 1072
0.007362372743962051 1073
0.00011711131774075345 1074
0.00010223398421667362 1075
0.007332999547004268 1076
0.00011062632620462143 1077
0.00010032663376487172 1078
0.007462317907636559 1079
0.00010681162530100374 1080
9.422311231910285e-05 1081
0.007468039958991965 1082
0.00011863719810217832 1083
0.00012130748873470654 1084
0.007293708127697113 1085
0.00010757456548171618 1086
0.00010643015521064059 1087
0.007333381017094631 1088
7.057196671672594e-05 1089
0.0001091004458431688 1090
0.007341010418901839 1091
0.00010032663376487172 1092
9.460458240946601e-05 1093
0.007361228333690961 1094
9.956369358414541e-05 1095
7.476813771070678e-05 1096
0.007430274420046248 1097
0.00010795603557209321 1098
9.880075340343297e-05 1099
0.007435996471401668 1100
0.00012016307846363095 1101
0.00012397777936723475 1102
0.007276923443721245 1103
9.689340295161719e-05 1104
0.00011482249719858839 1105
0.007318122213480188 1106
8.087165915647565e-05 1107
0.00010490427484920184 1108
0.007323462794745245 1109
0.0001140595570178482 1110
0.00010261545430703678 1111
0.0073921274110101826 1112
0.0001121522065660463 1113
9.155282168657464e-05 1114
0.00737648713730539 1115
9.040841141549905e-05 1116
0.0001186371981021922 1117
0.0073856424194740505 1118
0.00010948191593353196 1119
0.00010566721502991427 1120
0.00730705958085974 1121
0.0001071930953913669 1122
0.00013198865126480552 1123
0.007221610280618934 1124
0.00011291514674677261 1125
0.00011978160837326779 1126
0.007472236129985932 1127
0.00011329661683713577 1128
0.00012855542045156487 1129
0.00740547886417281 1130
0.00010566721502991427 1131
0.00010337839448776309 1132
0.007366568914956018 1133
0.00011787425792146589 1134
8.888253105404642e-05 1135
0.0073295663161910135 1136
9.536752259017844e-05 1137
0.00010871897575281952 1138
0.007333381017094617 1139
0.00013160718117444237 1140
0.00012969983072264046 1141
0.007431418830317324 1142
0.00011405955701786208 1143
9.651193286126791e-05 1144
0.007414634146341456 1145
0.00010223398421667362 1146
0.00011444102710821136 1147
0.007418067377154711 1148
0.00010757456548171618 1149
0.00012893689054192803 1150
0.007318885153660928 1151
0.00010070810385523488 1152
0.00010490427484920184 1153
0.007335669837636796 1154
0.0001167298476503903 1155
9.88007534034191e-05 1156
0.007317740743389839 1157
0.0001266480699997491 1158
0.00010337839448774921 1159
0.007373435376582499 1160
0.00012016307846363095 1161
0.00010490427484920184 1162
0.007416922966883621 1163
0.00010070810385523488 1164
0.00011787425792146589 1165
0.007259375819564651 1166
0.00011749278783110273 1167
0.00011405955701786208 1168
0.007301337529504334 1169
9.536752259017844e-05 1170
9.460458240946601e-05 1171
0.007392890351190895 1172
9.536752259017844e-05 1173
0.00010871897575280565 1174
0.0073860238895644 1175
0.00010986338602388124 1176
9.727487304198035e-05 1177
0.007341010418901853 1178
0.00010643015521064059 1179
9.346017213837654e-05 1180
0.007312018692034433 1181
9.651193286126791e-05 1182
0.00010299692439739994 1183
0.007321555444293457 1184
0.00010566721502992815 1185
9.994516367450856e-05 1186
0.007287223136160981 1187
0.00010070810385523488 1188
0.00010108957394558415 1189
0.007415015616431833 1190
9.536752259019232e-05 1191
9.689340295163107e-05 1192
0.0074153970865221824 1193
0.00010147104403594731 1194
0.00010185251412631047 1195
0.0073394845385404 1196
0.00011177073647569702 1197
5.950933409627768e-05 1198
0.0073490212907994235 1199
9.26972319576641e-05 1200
9.841928331306982e-05 1201
0.007324225734925971 1202
0.00010375986457812625 1203
0.00010375986457812625 1204
0.0074218820780583145 1205
0.00011978160837326779 1206
0.00011253367665640945 1207
0.0074390482321245455 1208
0.00010643015521064059 1209
0.00011634837756002714 1210
0.0072952340080585515 1211
8.926400114440958e-05 1212
0.00010261545430703678 1213
0.007276160503540519 1214
0.00011940013828290463 1215
9.460458240946601e-05 1216
0.00737190949622106 1217
9.002694132513589e-05 1218
6.675726581313601e-05 1219
0.007374579786853588 1220
0.000105285744939565 1221
9.727487304198035e-05 1222
0.00738106477838972 1223
0.00012092601864434338 1224
0.00011367808692749892 1225
0.007446677633931753 1226
9.155282168657464e-05 1227
9.155282168657464e-05 1228
0.0073040078201368624 1229
6.256109481915517e-05 1230
9.994516367452244e-05 1231
0.0074192117874258 1232
0.00010375986457812625 1233
0.000100708103855221 1234
0.007410056505257126 1235
0.00010757456548171618 1236
0.00010108957394559803 1237
0.007353980401974117 1238
0.00010299692439738606 1239
7.400519752998047e-05 1240
0.007461936437546196 1241
0.00010757456548171618 1242
0.00010337839448774921 1243
0.007353980401974103 1244
0.00011215220656606018 1245
0.00010681162530100374 1246
0.007305533700498301 1247
9.994516367452244e-05 1248
0.00010032663376487172 1249
0.007435996471401668 1250
7.133490689745225e-05 1251
9.613046277089088e-05 1252
0.007469947309443767 1253
0.00011329661683713577 1254
0.0001091004458431688 1255
0.007335288367546433 1256
9.689340295163107e-05 1257
7.286078725890488e-05 1258
0.0073898385904680175 1259
0.00010604868512027743 1260
9.460458240946601e-05 1261
0.0073768686073957535 1262
0.00010375986457811237 1263
0.00010375986457811237 1264
0.007304770760317561 1265
0.00010452280475883868 1266
9.918222349379613e-05 1267
0.007466514078630526 1268
8.964547123475886e-05 1269
0.00011177073647569702 1270
0.007477958181341338 1271
0.00011596690746966398 1272
0.00010643015521064059 1273
0.007299048708962169 1274
0.00010795603557207933 1275
9.38416422287397e-05 1276
0.00739060153064873 1277
0.00010185251412632434 1278
6.179815463844274e-05 1279
0.007415778556612546 1280
0.00010261545430703678 1281
0.00010566721502992815 1282
0.0073406289488114895 1283
0.00012016307846363095 1284
8.277900960827755e-05 1285
0.007466132608540163 1286
0.00010414133466847553 1287
0.00011596690746966398 1288
0.007285315785709165 1289
0.00010643015521064059 1290
0.00010948191593353196 1291
0.007308203991130829 1292
0.00010604868512027743 1293
0.00010833750566244249 1294
0.00743675941158238 1295
8.049018906612637e-05 1296
8.087165915647565e-05 1297
0.0073684762654078195 1298
0.00011177073647568314 1299
9.651193286126791e-05 1300
0.00738106477838972 1301
0.00011177073647569702 1302
0.00010795603557207933 1303
0.0074390482321245455 1304
0.00010833750566244249 1305
0.00010261545430703678 1306
0.007261283170016453 1307
0.00010566721502992815 1308
0.00014381422406599398 1309
0.0073124001621247825 1310
9.803781322270666e-05 1311
0.00014839186515031022 1312
0.007481009942064229 1313
7.553107789141922e-05 1314
9.956369358414541e-05 1315
0.007328803376010301 1316
9.613046277090476e-05 1317
0.00010871897575281952 1318
0.007318885153660928 1319
0.00010719309539135302 1320
0.00010871897575280565 1321
0.007411963855708942 1322
9.307870204801338e-05 1323
7.820136852394743e-05 1324
0.0072887490165224195 1325
0.00010604868512029131 1326
9.078988150584832e-05 1327
0.007391364470829456 1328
0.00010833750566245637 1329
9.841928331306982e-05 1330
0.007429511479865536 1331
0.00010795603557207933 1332
0.000105285744939565 1333
0.0072822640249862874 1334
6.980902653601351e-05 1335
0.00010757456548171618 1336
0.007285315785709179 1337
0.00011482249719857451 1338
0.00011291514674677261 1339
0.007410437975347503 1340
0.00010337839448776309 1341
6.866461626492404e-05 1342
0.007305152230407938 1343
0.00010452280475883868 1344
0.00010414133466847553 1345
0.007426841189232994 1346
9.422311231908898e-05 1347
9.155282168657464e-05 1348
0.007406241804353522 1349
0.00011329661683713577 1350
0.00011329661683713577 1351
0.007226950861883991 1352
8.544930024080577e-05 1353
0.00011100779629498458 1354
0.007250983477576703 1355
0.00011062632620460755 1356
0.00011329661683713577 1357
0.007424170898600493 1358
0.00011787425792146589 1359
9.841928331306982e-05 1360
0.0073188851536609145 1361
0.0001091004458431688 1362
7.476813771070678e-05 1363
0.007383735069022235 1364
0.00010032663376487172 1365
0.00010032663376487172 1366
0.007387931240016216 1367
8.773812078297083e-05 1368
8.506783015044261e-05 1369
0.0072353432038719245 1370
9.155282168657464e-05 1371
0.00010185251412631047 1372
0.007261283170016453 1373
0.00010452280475883868 1374
0.00011253367665642333 1375
0.00740547886417281 1376
0.00010223398421667362 1377
9.841928331306982e-05 1378
0.007276923443721245 1379
7.553107789141922e-05 1380
0.0001205445485539941 1381
0.007261283170016453 1382
0.00010490427484920184 1383
0.00010108957394558415 1384
0.007243354075769495 1385
9.613046277090476e-05 1386
6.523138545168339e-05 1387
0.007257849939203212 1388
0.00010032663376487172 1389
8.392341987936702e-05 1390
0.0073940347614619845 1391
0.00010147104403596119 1392
9.651193286126791e-05 1393
0.0073898385904680175 1394
0.00010986338602389512 1395
0.00010185251412631047 1396
0.0072200844002574815 1397
7.7438428343235e-05 1398
0.00010643015521064059 1399
0.007257086999022486 1400
9.956369358415929e-05 1401
0.00010032663376487172 1402
0.007403952983811371 1403
0.00010490427484920184 1404
8.583077033115505e-05 1405
0.007295996948239278 1406
0.00010986338602388124 1407
9.651193286126791e-05 1408
0.007324607205016334 1409
0.00011291514674678649 1410
9.918222349379613e-05 1411
0.00740891209498605 1412
0.00011558543737930083 1413
0.00010223398421667362 1414
0.0072353432038719245 1415
9.76563431323435e-05 1416
0.00010032663376487172 1417
0.007274253153088717 1418
9.918222349378225e-05 1419
0.00010261545430703678 1420
0.00741005650525714 1421
0.00010833750566245637 1422
9.651193286125404e-05 1423
0.007347495410437985 1424
8.773812078297083e-05 1425
8.201606942755124e-05 1426
0.007284934315618816 1427
0.00010948191593351808 1428
9.460458240946601e-05 1429
0.0073768686073957535 1430
0.00010986338602388124 1431
0.00010986338602388124 1432
0.00729675988841999 1433
0.00010261545430703678 1434
0.00010414133466847553 1435
0.007425696778961932 1436
0.00010337839448776309 1437
0.00010452280475883868 1438
0.0074199747276065126 1439
0.00010185251412631047 1440
9.040841141548517e-05 1441
0.007294089597787476 1442
7.09534368070891e-05 1443
0.00010871897575280565 1444
0.007287223136160981 1445
0.00010299692439739994 1446
9.727487304199423e-05 1447
0.0073577951028777205 1448
9.460458240945213e-05 1449
7.934577879502303e-05 1450
0.007326514555468136 1451
9.651193286126791e-05 1452
0.00010223398421667362 1453
0.007319648093841641 1454
0.00010986338602388124 1455
0.00010414133466847553 1456
0.00732575161528741 1457
0.00011291514674677261 1458
9.422311231910285e-05 1459
0.007420356197696876 1460
0.00011787425792146589 1461
0.00012397777936723475 1462
0.007276541973630882 1463
0.00010375986457811237 1464
0.00010070810385523488 1465
0.0073379586581789474 1466
6.256109481915517e-05 1467
9.460458240946601e-05 1468
0.007270819922275462 1469
0.00010337839448776309 1470
9.727487304199423e-05 1471
0.007358558043058433 1472
0.000122451899005796 1473
0.00010147104403596119 1474
0.007415778556612546 1475
0.00011138926638533386 1476
9.88007534034191e-05 1477
0.007427985599504097 1478
0.00011367808692749892 1479
0.00010948191593353196 1480
0.007291419307154948 1481
0.00011329661683713577 1482
0.00011253367665640945 1483
0.00742874853968481 1484
9.231576186730095e-05 1485
9.956369358414541e-05 1486
0.0074424814629378 1487
0.00010375986457811237 1488
0.00011634837756002714 1489
0.007403952983811371 1490
0.00011024485611425827 1491
9.460458240945213e-05 1492
0.00738106477838972 1493
9.841928331306982e-05 1494
7.247931716852785e-05 1495
0.007279975204444122 1496
8.62122404215182e-05 1497
0.00010147104403594731 1498
0.007307441050950089 1499
9.76563431323435e-05 1500
0.0001110077962949707 1501
0.007419593257516163 1502
0.0001071930953913669 1503
0.00010414133466847553 1504
0.007383735069022235 1505
7.438666762034363e-05 1506
0.0001091004458431688 1507
0.007392890351190895 1508
9.994516367450856e-05 1509
0.0001235963092768716 1510
0.007346351000166895 1511
0.00010223398421667362 1512
0.00010223398421667362 1513
0.007361609803781324 1514
9.193429177693779e-05 1515
0.00010566721502992815 1516
0.007342917769353641 1517
0.00011825572801182904 1518
0.00010147104403596119 1519
0.0074306558901366115 1520
0.00010528574493955112 1521
0.00010490427484920184 1522
0.007268149631642948 1523
0.00010643015521064059 1524
0.00010070810385523488 1525
0.007289130486612783 1526
9.803781322270666e-05 1527
0.0001110077962949707 1528
0.007304770760317575 1529
6.675726581313601e-05 1530
9.155282168657464e-05 1531
0.007330710726462103 1532
9.76563431323435e-05 1533
9.002694132513589e-05 1534
0.0073394845385404 1535
0.000122451899005796 1536
7.362372743961731e-05 1537
0.007406241804353522 1538
9.956369358414541e-05 1539
0.00010185251412631047 1540
0.007397467992275225 1541
0.00012283336909615916 1542
0.00010871897575280565 1543
0.007300193119233245 1544
0.000105285744939565 1545
0.00010795603557209321 1546
0.00732193691438382 1547
9.040841141548517e-05 1548
9.918222349378225e-05 1549
0.007440574112485998 1550
9.803781322270666e-05 1551
9.803781322270666e-05 1552
0.0074028085735402815 1553
0.00011177073647569702 1554
0.00011177073647569702 1555
0.007360846863600612 1556
0.00010795603557207933 1557
6.828314617457476e-05 1558
0.007397849462365588 1559
0.00011367808692749892 1560
0.00010070810385523488 1561
0.007329184846100664 1562
0.00011253367665642333 1563
0.00010223398421667362 1564
0.007426841189233008 1565
0.00010223398421667362 1566
0.00010070810385523488 1567
0.007420737667787225 1568
0.00010032663376487172 1569
9.841928331305594e-05 1570
0.00740547886417281 1571
0.00010452280475883868 1572
0.0001121522065660463 1573
0.0073082039911308155 1574
0.00010452280475885256 1575
9.155282168657464e-05 1576
0.007280738144624835 1577
0.00010490427484920184 1578
0.00010414133466847553 1579
0.007316977803209113 1580
0.00012207042891543285 1581
0.00010833750566244249 1582
0.007380301838208994 1583
0.0001102448561142444 1584
0.00010986338602389512 1585
0.007371528026130697 1586
0.00011444102710822524 1587
0.00012016307846363095 1588
0.007401282693178829 1589
0.00010795603557209321 1590
0.00010414133466847553 1591
0.007276541973630882 1592
8.773812078295695e-05 1593
0.00011138926638533386 1594
0.007277304913811608 1595
0.00010795603557209321 1596
0.00010871897575280565 1597
0.00733032925637174 1598
0.00012092601864435726 1599
8.163459933720196e-05 1600
0.007340247478721126 1601
0.00010986338602389512 1602
0.00010604868512029131 1603
0.007328040435829575 1604
0.00012130748873470654 1605
0.00011749278783110273 1606
0.007238013494504453 1607
9.498605249981529e-05 1608
0.00012130748873470654 1609
0.007244879956130934 1610
9.117135159621148e-05 1611
0.00011062632620460755 1612
0.007378013017666829 1613
0.00010452280475883868 1614
0.00011177073647569702 1615
0.0073337624871849805 1616
0.00011940013828290463 1617
0.0001110077962949707 1618
0.0072868416660706176 1619
0.00011558543737930083 1620
0.00010490427484920184 1621
0.007308966931311542 1622
0.00011711131774073957 1623
0.00012283336909614528 1624
0.007241446725317693 1625
0.00011291514674677261 1626
0.00010375986457811237 1627
0.007204444126552703 1628
0.00011253367665640945 1629
0.00010261545430703678 1630
0.007209021767637033 1631
0.00011329661683713577 1632
0.00011367808692749892 1633
0.0073597024533295224 1634
0.00010795603557207933 1635
0.00011482249719858839 1636
0.007259375819564637 1637
0.00010643015521064059 1638
9.918222349379613e-05 1639
0.007353980401974103 1640
0.00011329661683713577 1641
0.00010986338602389512 1642
0.007195288844384043 1643
0.00010986338602388124 1644
0.00011329661683713577 1645
0.007343680709534367 1646
0.00011405955701786208 1647
0.00010032663376487172 1648
0.007278830794173047 1649
